# Sat May 25 19:05:43 2024

# input dimensionality
6

# covariance function
CovSum(CovSEard, CovNoise)

# log-hyperparameter
0.313990032 4.364495164 0.1412027639 0.6507299125 0.5365561045 3.940106539 0.9965161256 -4.466220469 

# mean for input values
-0.08875973705 0.001027864119 3.864604839 -0.0005691538765 -1.915919717e-05 -0.0008785509063 
# std_dev for input values
0.0113393181 0.008028185827 0.07606446807 0.003129451106 0.0006579888067 0.006343596641 

# mean and std_dev for target values
-0.08932558786 0.01017893968

# data (target value in first column)
4.272126045 4.365984306 0.8877288907 1.358029678 0.181870193 0.02911781625 0.1384941313 
3.19419039 3.78504793 1.119843259 1.1587483 -1.923106731 2.861167935 -2.251038634 
1.867538124 2.817419902 1.368813963 0.9114949768 -3.324253291 3.066833751 -2.826258131 
0.4556246179 1.626527005 1.53776993 0.7271710169 -4.133235852 2.090566099 -2.071688002 
-0.4144184374 0.3590978453 1.619564209 0.563824313 -4.410558934 1.02709782 -1.820155015 
-0.4797875112 -0.421911709 1.61838619 0.4261390548 -2.64805604 0.01474468905 -1.512455089 
-0.5225868782 -0.4805914157 1.595508523 0.3286438072 -0.03075107425 -0.2500148379 -1.030546803 
-0.5569995049 -0.5190110253 1.566343224 0.2015957209 0.04265978184 -0.3267308514 -1.384907443 
-0.575408124 -0.549902129 1.5297334 0.07869248453 0.06993872666 -0.4175622268 -1.335207591 
-0.5923449401 -0.5664269519 1.487242573 -0.04029666797 0.1219938066 -0.4893169139 -1.288274799 
-0.5718063655 -0.5816305848 1.43983969 -0.1555274122 0.1267810341 -0.5492494013 -1.243208673 
-0.5306091984 -0.5631937696 1.389440907 -0.2395013776 0.2486745318 -0.5858026667 -0.8684165171 
-0.4828723146 -0.526212403 1.350586557 -0.3487502703 0.3158692442 -0.4449479198 -1.171481799 
-0.4244991384 -0.483360544 1.297158015 -0.4547478272 0.3371405086 -0.6227690491 -1.132495851 
-0.3632028063 -0.4309608289 1.24298178 -0.5570709008 0.3717364086 -0.6318917246 -1.088436048 
-0.3046299394 -0.3759370909 1.188840637 -0.6558715586 0.3812443473 -0.6314635663 -1.046199648 
-0.2555241857 -0.3233581199 1.134642389 -0.7505164347 0.3723859283 -0.6321603171 -0.9963687173 
-0.2180063984 -0.2792774705 1.080604807 -0.8412915812 0.341592933 -0.6302000156 -0.9499677657 
-0.1908661433 -0.2455989645 1.026207815 -0.9274732987 0.3039015909 -0.6345852014 -0.8948891173 
-0.1751312109 -0.2212360339 0.9706177484 -1.008455778 0.2701473413 -0.6491420278 -0.8325463571 
-0.1806507251 -0.2071112932 0.9135920202 -1.08386106 0.2330500717 -0.6666586752 -0.7656716012 
-0.1714749014 -0.2120659829 0.8545416975 -1.153277939 0.1639172676 -0.6913609496 -0.6938661589 
-0.1826612148 -0.2038291422 0.8089745357 -1.201137459 0.2117157323 -0.5268515844 -0.4353773136 
-0.1970653027 -0.2138707345 0.7462153171 -1.259298795 0.1454852792 -0.7366135523 -0.5589037866 
-0.2131182765 -0.2268008191 0.6808738962 -1.311009526 0.1350190561 -0.7681192552 -0.4815562097 
-0.2302308165 -0.2412110553 0.6129512937 -1.355318722 0.1296558439 -0.7996125046 -0.3928062578 
-0.2431818166 -0.2565724298 0.5427749645 -1.392556239 0.1262094699 -0.8271104448 -0.3080115482 
-0.2607572239 -0.2681981244 0.4705719156 -1.422205635 0.1397454098 -0.8518386496 -0.2170243091 
-0.2724059445 -0.2839749999 0.4152187061 -1.440541538 0.1247039345 -0.6462521109 -0.08136705833 
-0.2914727743 -0.2944316802 0.3401310714 -1.460963581 0.1439812407 -0.8870337629 -0.1063814363 
-0.3095403565 -0.3115473576 0.2637682677 -1.469579548 0.1198528922 -0.9025922255 0.03518224525 
-0.3219051459 -0.3277660427 0.1670943565 -1.471047457 0.1231030728 -1.150410035 0.1208928024 
-0.3333353061 -0.3388655149 0.08910543693 -1.467449176 0.1416521349 -0.9224326246 0.1816402131 
-0.3468510534 -0.3491260005 0.03039077676 -1.456362601 0.1446921363 -0.687265499 0.2714304549 
-0.3611231323 -0.3612586504 -0.04797450478 -1.438096481 0.1379084975 -0.9270246534 0.3575185795 
-0.3761775152 -0.3740702348 -0.1261894334 -1.412745222 0.1354484323 -0.9251901828 0.4424746764 
-0.3871288987 -0.3875840681 -0.2040850452 -1.380490944 0.1329038887 -0.9212941668 0.5252470547 
-0.4069412944 -0.3974147714 -0.2621316655 -1.351959138 0.1462494186 -0.6791146787 0.4806118273 
-0.4049260896 -0.4151997193 -0.3388703874 -1.30843918 0.1174278436 -0.90717884 0.6603309677 
-0.4400644065 -0.413390735 -0.4143336248 -1.271534632 0.1884249042 -0.8916165295 0.5810072697 
-0.4460099381 -0.4449332674 -0.4701539718 -1.204005545 0.06757832639 -0.6519517001 0.9482183806 
-0.4618179318 -0.4502703791 -0.5430972477 -1.143832521 0.1625315917 -0.8608702321 0.8600136937 
-0.4783332874 -0.4644607045 -0.6143279317 -1.078769398 0.1304526732 -0.8399747303 0.9186496453 
-0.4922211638 -0.4792860059 -0.6835874838 -1.009189221 0.1281518881 -0.8159247578 0.9728124844 
-0.4915902627 -0.491752704 -0.7507915767 -0.9354019172 0.1366981002 -0.7908458987 1.023259092 
-0.4964104004 -0.4911863646 -0.8154417482 -0.8776140968 0.1839222792 -0.7596852536 0.8314133163 
-0.500245686 -0.4955132465 -0.8778213071 -0.7973278797 0.1661920793 -0.7319812864 1.10118592 
-0.5033941065 -0.4989560585 -0.9368739142 -0.7140558484 0.1693954362 -0.6913888233 1.136988065 
-0.5056176367 -0.5017822939 -0.9926446124 -0.6280652486 0.1716295529 -0.6513459299 1.169585735 
-0.4914192155 -0.5037782852 -1.044802946 -0.5397624204 0.174637877 -0.6072711166 1.197311083 
-0.486748494 -0.491032821 -1.093153714 -0.4494169203 0.2280523724 -0.5608146363 1.221804247 
-0.4939916415 -0.4868400651 -1.137935562 -0.3806126965 0.1970623118 -0.5172698963 0.9635082336 
-0.482062677 -0.4933420047 -1.169005676 -0.2875015487 0.1583109301 -0.3499716878 1.25496643 
-0.4735631232 -0.4826337585 -1.206668796 -0.1933611206 0.2206706744 -0.4304135929 1.267308272 
-0.4686749915 -0.4750039836 -1.239704003 -0.09863860751 0.209516078 -0.373947973 1.274287906 
-0.4653834261 -0.4706160656 -1.268344272 -0.003500185408 0.1977694661 -0.3203249146 1.279274966 
-0.4654740998 -0.4676613336 -1.292968997 0.09200038249 0.1925764302 -0.2713308616 1.283617365 
-0.4859352373 -0.4677427285 -1.308682945 0.1635715234 0.1815752651 -0.1626096067 0.9966856381 
-0.4648133235 -0.4861100309 -1.326794313 0.2829225662 0.1153177282 -0.19186075 1.569602397 
-0.4610721638 -0.467149571 -1.340407841 0.377720591 0.2505719171 -0.136982178 1.275193348 
-0.4587568138 -0.4637912527 -1.349949267 0.4717357473 0.1940387931 -0.0872980486 1.265806169 
-0.4431872008 -0.4617128377 -1.355719536 0.5648064099 0.189401165 -0.04128580286 1.254480983 
-0.4372253242 -0.447736499 -1.357650377 0.6337769092 0.232512349 0.005559441412 0.9655020006 
-0.4311333105 -0.4423847149 -1.356317735 0.7247100334 0.2012619585 0.04537750704 1.228850298 
-0.4290605167 -0.4369161108 -1.351204348 0.8139335222 0.2016852464 0.09150674733 1.208350493 
-0.4263248478 -0.4350554308 -1.342359147 0.9011834386 0.1886122196 0.1370389839 1.184685882 
-0.4111660785 -0.4325997092 -1.330232849 0.9864182845 0.1907683056 0.1770719657 1.16052368 
-0.4319106922 -0.4189921715 -1.314872415 1.048884378 0.2311760274 0.2165319763 0.8875093102 
-0.4138865777 -0.4376139413 -1.301626297 1.130146456 0.1143956857 0.1907349946 1.112887225 
-0.4106412306 -0.4214342758 -1.280764888 1.208800457 0.2404959289 0.2836499053 1.081614422 
-0.3933006382 -0.4185210325 -1.256670639 1.284502233 0.1924260994 0.3230941152 1.046215049 
-0.3857120416 -0.4029549427 -1.229652171 1.339342468 0.2382726859 0.3587727866 0.7960695612 
-0.3432391512 -0.3961429046 -1.199851715 1.409795687 0.2065530731 0.3927160893 0.9832809146 
0.4151105241 -0.3580163624 -1.175609017 1.476926392 0.3200186974 0.324905347 0.9434414913 
1.112706485 0.3227296516 -1.115827276 1.534935879 2.648499432 0.7585206919 0.8340712745 
1.7144735 0.9489390183 -1.011867047 1.571661675 2.450890212 1.29754675 0.5788638928 
2.192759 1.489125835 -0.8692950997 1.58524952 2.139194317 1.768652095 0.301422546 
2.539433914 1.918467283 -0.6955104779 1.580098479 1.737554909 2.149480995 0.0767293035 
2.708740986 2.229666157 -0.49886905 1.552540614 1.309474656 2.428359124 -0.1919452801 
2.767650952 2.381647649 -0.3417612794 1.50260148 0.7325630849 1.946005101 -0.4603134322 
2.666990381 2.434529223 -0.1277169861 1.432620649 0.3734823844 2.640693187 -0.700628374 
2.410486636 2.344169479 0.08218928812 1.346563247 -0.1455411784 2.590204812 -0.8933984842 
2.138203666 2.113914351 0.2778408113 1.249357802 -0.652441018 2.416281199 -1.027071847 
1.496381949 1.869494721 0.4093689427 1.146524531 -0.7037649665 1.63390542 -1.094553707 
0.885664085 1.293352092 0.5909551909 1.042852838 -1.905736969 2.244669403 -1.104606996 
0.3647054301 0.7451303876 0.6946615776 0.9435474803 -1.804567713 1.29444959 -1.052251379 
-0.2806881106 0.2774826265 0.7449938058 0.8747448873 -1.512614413 0.6432262579 -0.6865004164 
-0.3100979582 -0.3018663133 0.7745201416 0.7939648313 -1.917354782 0.3893715299 -0.8301191554 
-0.3509525269 -0.3282665837 0.7823106085 0.7237483511 0.08621090523 0.1241700647 -0.703453981 
-0.4030343008 -0.3649404107 0.7852346159 0.6562570687 0.04898548679 0.06479391712 -0.6707768212 
-0.4729588945 -0.4116925373 0.7826469776 0.5915100731 0.012467567 -0.002454212324 -0.6378707696 
-0.5022048473 -0.474461587 0.774593116 0.5446905749 -0.04556848457 -0.0691481371 -0.4229066681 
-0.5159622223 -0.5007147344 0.7618628107 0.4845869563 0.08674399361 -0.1262058848 -0.5821932071 
-0.5412437644 -0.5130642856 0.7495620906 0.4265991011 0.1371225726 -0.120964473 -0.5568236208 
-0.5568542383 -0.5357587095 0.7297092222 0.3707924027 0.09963874634 -0.2131089738 -0.5306699206 
-0.5598279016 -0.5497717278 0.7066467231 0.3168427326 0.1310951315 -0.252269993 -0.508402762 
-0.5603672293 -0.5524410894 0.6811137271 0.2645035907 0.1721979729 -0.2824127673 -0.4890913236 
-0.5285661696 -0.5529252264 0.6538527246 0.226121561 0.1801159608 -0.3034963432 -0.3217351114 
