# Tue May 14 15:41:29 2024

# input dimensionality
6

# covariance function
CovSum(CovSEard, CovNoise)

# log-hyperparameter
0.313704132 1.34614399 1.35994051 1.103028297 1.371084073 2.099052602 0.1139905887 -2.608295719 

# mean for input values
-0.09335341766 3.788223183e-06 3.916261749 -3.502452279e-07 1.523167665e-07 -5.950713303e-06 
# std_dev for input values
0.0001962765539 4.758387629e-05 0.001819320613 4.929703541e-05 8.39402475e-06 0.0003848146352 

# mean and std_dev for target values
-0.0933537552 0.0001963966835

# data (target value in first column)
-0.1995609926 -0.2725893639 -0.3283582316 0.7387741016 0.007104792914 -0.01814585625 0.01546384352 
-0.2023313426 -0.2014028901 -0.2771645286 0.690501977 0.2905343269 0.2720599631 -0.2127563522 
-0.265527463 -0.2041749356 -0.2090602054 0.6649843314 -0.003932129369 0.3679225422 -0.1051780823 
-0.445037732 -0.2674097347 -0.1506682869 0.6108387966 -0.2446650824 0.3128650604 -0.2405245692 
-0.7662781966 -0.4470298716 -0.1238551755 0.5515965896 -0.7080542664 0.1338517624 -0.2646205361 
-1.145358933 -0.7684669489 -0.1521117416 0.5385382469 -1.272699587 -0.1783261018 -0.04627318459 
-1.408935797 -1.147779699 -0.2451129114 0.5795625276 -1.503132057 -0.5453489906 0.2094177962 
-1.723682992 -1.411517883 -0.3574274641 0.6219011361 -1.042970965 -0.654832302 0.2156316543 
-1.925458788 -1.726457717 -0.5477625124 0.7885030695 -1.24683076 -1.097113295 0.8031218587 
-2.040309698 -1.928357008 -0.7593617498 0.9594427711 -0.7967589015 -1.217655298 0.8236298909 
-2.098335926 -2.043278212 -0.9802382237 1.046889393 -0.4504549309 -1.270245906 0.4288926159 
-1.861423363 -2.101339955 -1.194255103 1.255953776 -0.2240685161 -1.231360377 1.003875161 
-1.578012264 -1.864282391 -1.357729359 1.425571599 0.9509514428 -0.9448453856 0.8173803377 
-0.9827825366 -1.580697832 -1.404313715 1.458949824 1.136199059 -0.2822223013 0.1732688903 
-0.4021961167 -0.9851037988 -1.415447628 1.443303786 2.378467357 -0.08126155271 -0.05850724828 
0.1697718035 -0.4041620354 -1.326560984 1.343451565 2.320129226 0.4857329353 -0.456615925 
0.7631507722 0.1681559534 -1.161436095 1.023581421 2.285793596 0.9179107483 -1.496813222 
1.132120373 0.7618980951 -0.9378339737 0.6613412573 2.371094038 1.249405288 -1.697129536 
1.878708017 1.131093521 -0.7382064037 0.4511410463 1.477059433 1.113498841 -0.9783174264 
1.767718629 1.878138108 -0.4399516855 -0.264035083 2.98146899 1.672594407 -3.365734674 
1.849113592 1.76708079 -0.1747198337 -0.5244444353 -0.4350708369 1.485395056 -1.21569542 
2.014897254 1.84852557 0.04967607437 -1.122014239 0.3313778581 1.25390509 -2.809717328 
1.861243295 2.014410699 0.2081809328 -1.530020347 0.6675778059 0.8803832523 -1.91350105 
1.573151615 1.860662697 0.303198127 -1.856563705 -0.6050441466 0.5204856763 -1.52836274 
1.336988613 1.572394693 0.3192511572 -2.04569033 -1.140636649 0.07285523371 -0.8786860559 
1.055258137 1.336087148 0.2612497826 -2.20018246 -0.9337556493 -0.3469428654 -0.7149416319 
0.7760181344 1.054184242 0.1472440686 -2.2459022 -1.11529396 -0.6644191225 -0.2006892287 
0.5358969636 0.7747733326 -0.01934221399 -2.176068991 -1.105372051 -0.9624867771 0.3456202003 
0.2721966451 0.5345051975 -0.1674100208 -2.021189251 -0.9495247729 -0.8575096193 0.7477018529 
0.01202630452 0.2706434833 -0.3789626415 -1.802564362 -1.043462803 -1.217391037 1.049075177 
-0.07231795432 0.01031390745 -0.6047244101 -1.535120251 -1.029399565 -1.297939565 1.279881926 
-0.2145148391 -0.07408197365 -0.825227808 -1.381366059 -0.3289181052 -1.268131021 0.7423805079 
-0.3257123654 -0.216365889 -1.039611884 -1.061653639 -0.559399792 -1.233441933 1.52699522 
-0.3994750918 -0.3276314729 -1.214252885 -0.7189584246 -0.4359000491 -1.008147203 1.63565292 
-0.6518216222 -0.4014393451 -1.366486013 -0.3902479789 -0.2867618604 -0.8811219071 1.569535947 
-0.5970815634 -0.6539403223 -1.458179884 0.01938844281 -0.9982299347 -0.5379382018 1.952136511 
-0.613949316 -0.5991667602 -1.535871829 0.3246358684 0.2251861829 -0.4585643681 1.458607848 
-0.6416745064 -0.6160448367 -1.572140961 0.5954202838 -0.06009540792 -0.2237475692 1.295674167 
-0.5796417633 -0.643786996 -1.57384157 0.8393347478 -0.103350844 -0.02778623676 1.168638831 
-0.6698440738 -0.5817162863 -1.538962565 0.9497910432 0.2542398367 0.1795755358 0.5376773895 
-0.7840852675 -0.6719738044 -1.484321503 1.197861263 -0.3522562615 0.29160228 1.188286346 
-0.2880551885 -0.7862849185 -1.431289458 1.423581199 -0.4480258526 0.2824811196 1.08261903 
0.355970166 -0.2899512481 -1.324907557 1.465110097 1.983261404 0.5849096957 0.2118035186 
1.000171338 0.3544682771 -1.079918829 1.598610665 2.572866459 1.370641249 0.6466257409 
1.437495129 0.9990637277 -0.7045642438 1.519327895 2.573566907 2.109656559 -0.3593679988 
1.955474018 1.436655179 -0.2351395602 1.473689658 1.749378773 2.642919215 -0.2003038974 
2.299573465 1.954951093 0.2930082371 1.038811463 2.070704259 2.975807605 -2.040546489 
2.490201088 2.299261144 0.8224732839 0.6315923851 1.377978105 2.983274801 -1.909780141 
2.082220554 2.490005439 1.201078333 0.07878014609 0.7665547822 2.128082726 -2.598113214 
2.016184006 2.081775203 1.742072373 -0.03197512023 -1.618267265 3.048630121 -0.5081631723 
1.831054945 2.015698238 2.081801193 -0.5570334328 -0.2559811911 1.907701952 -2.466898634 
1.48389357 1.830455871 2.264441111 -0.9271487527 -0.7304392239 1.017199584 -1.734361577 
1.412102144 1.483082018 2.420968551 -1.153444293 -1.37596707 0.8691737016 -1.054412673 
1.05343924 1.411246653 2.496801249 -1.437976921 -0.2789083079 0.4117329963 -1.329745064 
0.6039524409 1.052364232 2.482098724 -1.620290283 -1.421788533 -0.1014912328 -0.8464744168 
0.3307353754 0.6026023277 2.377581082 -1.657258828 -1.783625947 -0.6106333302 -0.1593154675 
0.0294605841 0.3292180418 2.250588373 -1.662110708 -1.081377001 -0.7380395337 -0.007474796435 
-0.2096403169 0.02775885755 2.033824684 -1.589047155 -1.193157441 -1.246931435 0.3608925634 
-0.4365126877 -0.2114883834 1.781580402 -1.453603696 -0.9454600742 -1.448063101 0.6558113119 
-0.5457968338 -0.4384996096 1.512233614 -1.272957158 -0.8967422809 -1.545013434 0.8695217194 
-0.5919390408 -0.5478506422 1.245771461 -1.062880304 -0.4282772472 -1.528661071 1.00866191 
-0.5807532634 -0.5940210903 0.9995100638 -0.8398201853 -0.1767232274 -1.414147443 1.070043983 
-0.5682346561 -0.5828284666 0.783366385 -0.6731005989 0.05166831636 -1.243416734 0.8036780964 
-0.5572357161 -0.5703021974 0.5985592945 -0.4628185784 0.05697823724 -1.065776522 1.009631891 
-0.5172812311 -0.5592965256 0.4847037517 -0.2680590323 0.05092396636 -0.6635678347 0.9362449792 
-0.4594868941 -0.5193175868 0.3607733244 -0.09607824004 0.166281268 -0.7206801349 0.8285519433 
-0.3482107617 -0.4614878772 0.26738275 -0.02161111505 0.2373542599 -0.5475564397 0.3675283523 
-0.3395292104 -0.3501436391 0.195449167 0.07994384389 0.4504227971 -0.425921484 0.49559379 
-0.2094593268 -0.3414567744 0.1556479423 0.2674953183 0.0416916166 -0.2437702272 0.9021667706 
-0.1548603161 -0.2113072824 0.1576776015 0.3280491163 0.5252960708 -0.00664016559 0.3017491426 
-0.1328062267 -0.1566748548 0.1795447897 0.3399903139 0.2246242549 0.105814414 0.07191925099 
-0.1075196191 -0.1346072674 0.1998623191 0.3280149835 0.09496707467 0.09702974017 -0.0411529362 
-0.09444333429 -0.1093051833 0.2292508034 0.3165761628 0.1078452498 0.1484509841 -0.03861643419 
-0.07966636755 -0.09622089529 0.2595416391 0.283777616 0.05919999389 0.1535662152 -0.1396006132 
-0.1212986814 -0.08143488442 0.2850641868 0.2281490768 0.06597541741 0.1265358414 -0.2475358941 
-0.1773698788 -0.123092679 0.2989020019 0.1802498081 -0.1587560606 0.06029766816 -0.2109935699 
-0.2061795326 -0.1791981944 0.3010655697 0.1596388492 -0.2162797803 -0.005881067314 -0.08198032515 
-0.2922649426 -0.2080254809 0.2903511045 0.1163318252 -0.1076712866 -0.0788837983 -0.1892824276 
-0.3830869868 -0.2941635788 0.2622559148 0.09917007334 -0.3358547556 -0.1774112947 -0.06567321831 
-0.4293260214 -0.3850412099 0.2155804524 0.1054417878 -0.3547252467 -0.2827387652 0.04511515683 
-0.5290018181 -0.4313085447 0.1726782281 0.1171049401 -0.1771089832 -0.2613491104 0.07060471265 
-0.5729172871 -0.5310453473 0.0856795887 0.1647250117 -0.3899981109 -0.5113219686 0.2406012734 
-0.6011635915 -0.5749876944 0.0119409371 0.1919661937 -0.1678520252 -0.4361540204 0.1442542777 
-0.5657015984 -0.6032512867 -0.04569842996 0.2370885248 -0.1054269335 -0.3448907246 0.2287924948 
-0.5025020966 -0.5677675894 -0.1091300466 0.3230992807 0.148383427 -0.3777257109 0.4221041499 
-0.4837053567 -0.5045294068 -0.1529840755 0.4011653826 0.2588881396 -0.2667446808 0.3845435389 
-0.38645797 -0.4857211625 -0.1745768296 0.4260122991 0.08198997289 -0.1405504202 0.1329347068 
-0.2952018835 -0.3884142563 -0.1870002093 0.4726756405 0.3945330443 -0.08857125783 0.236078059 
-0.2352332417 -0.2971023172 -0.1729596874 0.48889936 0.3706640333 0.06144676818 0.09216609074 
-0.2020572465 -0.2370969721 -0.1461383817 0.4885744794 0.2460165704 0.1338982144 0.01392787814 
-0.2064952043 -0.2039006718 -0.1078750676 0.4838655752 0.1392761369 0.198760438 -0.006798839883 
-0.2424539208 -0.2083413458 -0.08013397418 0.4713668329 -0.01057578732 0.1391122885 -0.04362751468 
-0.2108520846 -0.2443220706 -0.04357868889 0.44754919 -0.1361527601 0.1890779994 -0.09714083604 
-0.2670854186 -0.2127008927 -0.02386574482 0.4353581643 0.1330047741 0.09360247903 -0.04217269754 
-0.3632427027 -0.2689686439 -0.001657902772 0.4212408171 -0.2169257236 0.1077455058 -0.0512799297 
-0.4051993408 -0.3651847803 0.00667960455 0.4159770398 -0.3759805495 0.02911763519 -0.009422160391 
-0.4454728239 -0.4071670976 0.0003990812508 0.4147448554 -0.1600481506 -0.05374875862 0.009638341401 
-0.4391370885 -0.4474652299 -0.01465862833 0.4182314225 -0.1533425536 -0.1035046932 0.03194758088 
