# Mon Feb  5 09:46:58 2024

# input dimensionality
20

# covariance function
CovSum(CovSEard, CovNoise)

# log-hyperparameter
4.721955505 1.686884898 1.0107864 2.942374878 4.69170729 0.03116535571 3.037609665 2.681405739 4.305729514 1.902169061 2.219898408 2.639357837 2.327562849 2.03449195 3.257874274 0.7639289185 1.574105548 1.026649999 3.357216832 0.1365202989 0.2513312436 -1.661457572 

# mean for input values
10.28021846 0.8139197076 -0.07147860953 -11.04908006 10.25555988 0.8197632803 -0.07089822519 -11.02454636 10.23550516 0.8255950429 -0.07031096894 -11.00105991 10.21630967 0.8313558853 -0.06972095964 -10.9760621 10.19084772 0.837061144 -0.06912393074 -10.95043194 
# std_dev for input values
0.9865083598 0.1989375966 0.03091698488 1.18628798 1.00505595 0.1969213163 0.03102990992 1.20960151 1.024625414 0.1948407671 0.03113831868 1.232313456 1.045408968 0.1927638404 0.03123968915 1.255752154 1.070641536 0.1907138551 0.0313273937 1.278492987 

# mean and std_dev for target values
10.29980706 0.9718173676

# data (target value in first column)
-1.805306494 -1.866284444 1.327526645 1.278150471 2.091212744 -2.131436733 1.329809323 1.250993031 2.087067283 -2.072344325 1.332430299 1.249848208 2.034935848 -2.109404628 1.32606331 1.238621793 2.053604899 -2.322994006 1.328967213 1.223457598 2.012042335 
-2.350605337 -1.758565536 1.31845519 1.28404268 1.998485432 -1.807308961 1.311444552 1.254794956 2.030624809 -2.071155394 1.314078381 1.22777807 2.029543114 -2.012782781 1.316901026 1.226906014 1.977046995 -2.035908837 1.310401898 1.216096406 1.997029813 
-2.263941556 -2.295743839 1.30042525 1.257989291 1.973863159 -1.701577928 1.302280214 1.260665721 1.939684697 -1.753218184 1.295517507 1.231566758 1.974140894 -2.011617488 1.298351375 1.204907492 1.971754916 -1.941564147 1.301141128 1.204413427 1.921833661 
-1.983321138 -2.210370647 1.281866167 1.205408069 1.901644542 -2.228842989 1.284065665 1.234707146 1.915536988 -1.649506523 1.286255311 1.237417085 1.884876838 -1.70000112 1.279590518 1.208683886 1.917386782 -1.940426316 1.282392087 1.182476492 1.916635714 
-1.89141882 -1.933929203 1.277099381 1.189966987 1.926201451 -2.145045299 1.265316556 1.18231728 1.844710292 -2.166701275 1.267846263 1.211548885 1.861174179 -1.598351329 1.270228527 1.214515229 1.829788847 -1.636154032 1.263429569 1.186242314 1.863234638 
-1.828665951 -1.843395485 1.25761718 1.168991454 1.847220448 -1.873705384 1.260500963 1.166932392 1.868793898 -2.084504048 1.248896947 1.159341416 1.791652843 -2.105263841 1.251621131 1.18873097 1.806528599 -1.536899893 1.253966946 1.192057331 1.777194825 
-1.812752778 -1.781577126 1.237800489 1.14974095 1.798879794 -1.784842401 1.240819283 1.146033193 1.791335154 -1.818346492 1.244029932 1.14401009 1.81529258 -2.02470076 1.232467647 1.13669291 1.738304883 -2.03186564 1.235159539 1.166345258 1.754348313 
-1.43181078 -1.76590093 1.227772098 1.149229951 1.780079668 -1.724164856 1.220799689 1.126852746 1.743926204 -1.731180716 1.224138087 1.123183653 1.739261426 -1.763834626 1.227548192 1.121411333 1.761503383 -1.953201246 1.215800174 1.114452884 1.687338107 
-1.954464915 -1.390631886 1.207722189 1.1558548 1.68882999 -1.708777953 1.210668617 1.126343607 1.725488427 -1.67166206 1.20390472 1.104069983 1.692726239 -1.678401774 1.207442023 1.100652476 1.686891356 -1.698483129 1.21082784 1.09921409 1.710123971 
-1.640357287 -1.905502703 1.187854582 1.142786531 1.642742349 -1.340434231 1.190413417 1.132944347 1.63599747 -1.656569034 1.193665467 1.103562616 1.674628276 -1.620066396 1.186990653 1.081600829 1.641224751 -1.615063733 1.19050555 1.078513349 1.636839083 
-1.529073846 -1.596072738 1.177830995 1.132682539 1.637779427 -1.845803475 1.170342385 1.119923636 1.59079811 -1.29526036 1.173193977 1.110140375 1.586786667 -1.605273431 1.176641077 1.081095108 1.623464588 -1.558103187 1.169834347 1.059515039 1.591984761 
-1.781525955 -1.48644652 1.157513301 1.113743859 1.548082138 -1.542083818 1.160216167 1.109856416 1.585930842 -1.790977486 1.152908622 1.097164996 1.542420347 -1.251147859 1.155949018 1.087651523 1.537262549 -1.543658858 1.159373523 1.059010735 1.574540501 
-1.428785333 -1.735139135 1.136763269 1.066064823 1.499344858 -1.434480674 1.139690439 1.090986657 1.497962354 -1.493058614 1.142674275 1.087132825 1.537642784 -1.737009737 1.135445099 1.074718248 1.493724328 -1.197879214 1.138459045 1.065548794 1.489871756 
-1.324557109 -1.387651494 1.126096077 1.056044676 1.462808591 -1.678583844 1.118727947 1.043481137 1.450164423 -1.387510597 1.121929369 1.068328762 1.451295584 -1.445013727 1.125100482 1.064718631 1.489035939 -1.672290441 1.11773473 1.052651727 1.44710796 
-1.352997776 -1.284975426 1.109946136 1.042876177 1.3752135 -1.33750884 1.107951534 1.033497455 1.414332346 -1.626951606 1.100743035 1.020988633 1.404378585 -1.341564088 1.104132061 1.045975586 1.404300415 -1.387176108 1.107278918 1.042680105 1.442502964 
-1.027880619 -1.312992558 1.093667857 1.030387543 1.398875813 -1.236727586 1.091636233 1.020376879 1.328425539 -1.292390841 1.08985155 1.01103971 1.369206905 -1.576244822 1.082717456 0.9987890716 1.358259125 -1.28616454 1.086085107 1.023989533 1.35927465 
-0.8942147366 -0.9927170156 1.071662612 1.013234202 1.350997467 -1.264227681 1.075191281 1.007933694 1.351631791 -1.193534423 1.073362031 0.9979648137 1.284883389 -1.248335388 1.071708621 0.9888724322 1.323743928 -1.515314386 1.064440316 0.9769351231 1.314052306 
-1.071646129 -0.8610416737 1.055061041 1.01851034 1.243736253 -0.9498625953 1.052960724 0.9908427787 1.304676239 -1.22050929 1.056741476 0.9855649502 1.307661942 -1.151444313 1.055041436 0.9758399627 1.240994315 -1.195133026 1.053313147 0.9670462464 1.280151038 
-1.261877886 -1.035830774 1.044041428 1.018741755 1.167642483 -0.8206172278 1.036189168 0.9960997154 1.199482348 -0.9121483067 1.034273536 0.9685335369 1.261571797 -1.177882898 1.038241804 0.9634803359 1.263347705 -1.100525452 1.036466807 0.9540502628 1.198873311 
-1.254534509 -1.223229617 1.021963646 0.9923099282 1.068540441 -0.9921807197 1.025056726 0.9963302884 1.124855189 -0.7853714146 1.017322891 0.9737721714 1.158316664 -0.8756523751 1.015531784 0.9465041883 1.218117835 -1.12634094 1.019486595 0.9417252381 1.220829096 
-0.9334382578 -1.215995597 0.9994223371 0.9570055161 1.063231479 -1.176121251 1.002752889 0.9699946527 1.027663212 -0.9536581913 1.006071574 0.9740019418 1.085064908 -0.7513959076 0.9983985046 0.9517258238 1.116789967 -0.8312332979 0.9965324652 0.9247966172 1.17640374 
-0.8064186717 -0.8996810817 0.9879390448 0.9496937419 1.053988505 -1.16902073 0.9799807795 0.9348187216 1.022456574 -1.134085617 0.983529572 0.9477579942 0.9896642119 -0.9163370105 0.9870259605 0.9519548486 1.04490546 -0.7099052705 0.9792150197 0.9300036341 1.076878212 
-0.7847475975 -0.7745530597 0.9647614921 0.9359528968 0.9519734497 -0.8585435732 0.9683799097 0.9275335567 1.013391747 -1.127120709 0.9605142973 0.9127045288 0.9845535338 -1.093177397 0.964241081 0.9257960606 0.9512854238 -0.8709590896 0.9677202319 0.9302320177 1.00627233 
-0.4115346044 -0.7532047091 0.9472276447 0.9262317411 0.9333040996 -0.7357246994 0.9449650416 0.9138427176 0.9133429019 -0.8225733994 0.948789551 0.9054447274 0.975655774 -1.086350957 0.940977829 0.8908563412 0.9462701369 -1.043631753 0.9446904375 0.9041464642 0.9143175345 
-0.5318911232 -0.3855495698 0.9296406106 0.9424111902 0.8432467431 -0.7147703174 0.9272516648 0.9041569395 0.8950333798 -0.7021002605 0.9251246543 0.8918015533 0.8774508627 -0.7878582876 0.9291267549 0.8836200972 0.9375384543 -1.036966197 0.9211771286 0.8693045625 0.9093914555 
-0.4440419984 -0.5041137504 0.9122519022 0.9574009226 0.7213187465 -0.3538999911 0.9094845569 0.9202775078 0.8067117642 -0.6815460892 0.9072221305 0.8821494964 0.8594787911 -0.6697802497 0.9052068817 0.8700211942 0.8411665443 -0.7455083157 0.9091986672 0.8620885772 0.9008150853 
-0.7031122375 -0.4175728666 0.8892394033 0.9420602166 0.6472986071 -0.4702761544 0.8919178052 0.9352126891 0.6871337745 -0.3275680758 0.8892653017 0.8982139406 0.7727849722 -0.6496347115 0.8871114678 0.8604004576 0.8235299227 -0.6302131066 0.8850216789 0.8485277459 0.8061573635 
-0.2862564327 -0.6727850555 0.8776570431 0.9347728891 0.6094292788 -0.3853323209 0.8686696811 0.9199278116 0.6145402791 -0.4417215544 0.8715109687 0.9130971247 0.6554108445 -0.3026940601 0.8689611639 0.8764127738 0.7384542496 -0.6105423526 0.8667317572 0.8389339435 0.7888344483 
-0.2707618931 -0.2621370292 0.8542491466 0.9111145213 0.5198229972 -0.6358347511 0.8569687289 0.9126670043 0.5774008339 -0.3584000751 0.8480145964 0.8978654618 0.5841552714 -0.4145780776 0.8510155375 0.8912476632 0.623270918 -0.2717782972 0.8483863555 0.8549014315 0.7052720348 
0.06845288531 -0.2468732328 0.8303490403 0.8784406143 0.5087317401 -0.2327649408 0.8333211586 0.8890947348 0.4895215994 -0.6041181243 0.8361886991 0.8906299332 0.5477003185 -0.3329130949 0.8272660044 0.8760654258 0.5533453349 -0.3810254648 0.8302478313 0.8696947889 0.5921374941 
-0.05964709978 0.08728999017 0.8182220972 0.8526131462 0.4503779084 -0.2177828269 0.8091763387 0.8565397357 0.4786441121 -0.2087466008 0.8122886153 0.8671397311 0.4614407274 -0.5737460756 0.8153126894 0.868853376 0.5175708161 -0.3012851387 0.8062430142 0.854555056 0.5234556926 
-0.01813690496 -0.03890234166 0.7936265617 0.849505357 0.3330480929 0.1102136525 0.7969252277 0.8308062597 0.4214149763 -0.1940506324 0.7878859721 0.834698073 0.4507637158 -0.1862348497 0.791155095 0.8454393979 0.4329212661 -0.5364422379 0.794161213 0.847363197 0.488317503 
0.0705914758 0.001989687139 0.775123381 0.8412809551 0.3023525115 -0.01364989 0.7720778581 0.8277097805 0.3063465437 0.1276813963 0.7755040412 0.8090541887 0.3945893319 -0.1718310487 0.7664895265 0.8131030105 0.4224435416 -0.1580637635 0.7697439483 0.824014769 0.4051736329 
0.4907775321 0.08939673297 0.7627515794 0.8445934945 0.2260391974 0.02648750562 0.753385223 0.8195153091 0.2762425805 0.006183540951 0.7503913464 0.8059684899 0.2816416487 0.1435046935 0.7539741869 0.7875423387 0.3673176564 -0.1439994271 0.7448132493 0.7917689109 0.3948822781 
0.2840484933 0.5033254169 0.7381024258 0.8594478005 0.1020341139 0.1122815168 0.7408867464 0.8228157934 0.2014001085 0.04555434682 0.7314991076 0.7978025478 0.2520925116 0.02442231135 0.7285909164 0.7844666528 0.2564781493 0.1639045743 0.7321633822 0.7662797991 0.340736929 
0.3911581981 0.2996749681 0.7136945313 0.8556289782 0.05029002858 0.5185714426 0.7159852098 0.8376160411 0.07978506509 0.1297097662 0.7188671696 0.8010915414 0.1786294111 0.06301039456 0.7094951238 0.7763272086 0.2274805488 0.04762869102 0.7065072666 0.7632127239 0.2318689483 
0.2363967504 0.405189605 0.7014604074 0.8497161678 -0.03493638305 0.3186792174 0.6913274025 0.8338111164 0.02903828117 0.5282399037 0.6936997294 0.8158402617 0.05925577335 0.1454927379 0.6967270836 0.7796055296 0.155388642 0.08530734155 0.6872062132 0.755096067 0.2033871344 
0.286842309 0.2527328506 0.6769044014 0.8372338455 -0.1628771029 0.422246657 0.6789680133 0.8279198241 -0.05454549984 0.3321654481 0.668778621 0.8120485839 0.009444269493 0.536099782 0.6712884777 0.7943063914 0.03824312122 0.165845765 0.6743009291 0.75836521 0.1325775421 
0.6426932772 0.3024271786 0.6522855733 0.8415745623 -0.208023438 0.2726033831 0.6541605779 0.8154829279 -0.1800203251 0.4337548387 0.6562872557 0.8061778023 -0.0725990347 0.3439234412 0.6460988578 0.7905270173 -0.01063864757 0.5472470963 0.6485888834 0.7730249151 0.01751571421 
1.069443815 0.6529788467 0.6399829086 0.8354601322 -0.24189385 0.3213806377 0.6292896773 0.8198078478 -0.2242965221 0.2869696227 0.6312149215 0.7937842054 -0.1957613173 0.4434931546 0.6334729047 0.7846752859 -0.09115060799 0.3595999114 0.6231285 0.7692561218 -0.03049658391 
1.137700783 1.073374255 0.6152104342 0.8332076131 -0.3674293263 0.6654631252 0.6168610454 0.8137156696 -0.257514125 0.3348152737 0.6060784444 0.798094068 -0.2392214893 0.2996261444 0.6081304296 0.7723219054 -0.2120140584 0.4568229949 0.6103668304 0.763420773 -0.1095764605 
1.050548738 1.140614746 0.5966857008 0.850922908 -0.4260192799 1.078100436 0.5918349253 0.8114713479 -0.3806300647 0.6723260815 0.5935170971 0.7920230998 -0.2718268808 0.3465205861 0.5827231205 0.7766177828 -0.2546630433 0.3163466004 0.5847519488 0.7511019771 -0.2282900864 
1.207270585 1.054760561 0.5844719178 0.8533041995 -0.5779849945 1.144100052 0.5731205168 0.8291221727 -0.4380907716 1.077082375 0.568223743 0.7897865917 -0.3926737529 0.677321413 0.5700264314 0.7705665144 -0.2866598529 0.3621358476 0.5590715362 0.7553858277 -0.2701804646 
0.9395075712 1.20914852 0.5600633264 0.8412012059 -0.7056694609 1.059830245 0.5607816768 0.8314947981 -0.5871275404 1.141821455 0.5493094983 0.8073759649 -0.4490754398 1.074030832 0.544460555 0.7683372637 -0.4052511101 0.6851404571 0.5462383702 0.7493515005 -0.30160814 
0.9763362302 0.9453730094 0.5353799262 0.7998283546 -0.7448051751 1.211369085 0.5361231654 0.8194358502 -0.7123510512 1.059161129 0.5368389016 0.8097403299 -0.5953654115 1.137482848 0.5253425195 0.7858695606 -0.4606000558 1.072500344 0.520397686 0.7471284909 -0.4180899886 
1.724196187 0.9816532194 0.5227852418 0.8034424025 -0.7755019929 0.9524613624 0.5111870315 0.7782135642 -0.7507324743 1.207805707 0.5119170817 0.7977233655 -0.7182810115 1.056465874 0.5127375588 0.7882262534 -0.6041595153 1.134456942 0.5010741505 0.7646117041 -0.4724544305 
1.517401069 1.718376114 0.4976061493 0.8000988943 -0.9066851755 0.988072047 0.4984633899 0.7818144598 -0.7808376501 0.9538428992 0.4867146746 0.7566445958 -0.7559550523 1.202155281 0.4875472197 0.7762482832 -0.7247808873 1.055349352 0.4883336989 0.7669617991 -0.6134603667 
1.708990255 1.51466057 0.4787567202 0.8005099835 -0.9633164972 1.711199247 0.4730264883 0.7784831194 -0.9094924437 0.9887734503 0.4738551675 0.7602329548 -0.7855053796 0.9532414543 0.4620732703 0.7353028111 -0.7617517396 1.197605194 0.4628725886 0.7550173625 -0.7319362201 
1.818571842 1.703396628 0.4662124013 0.8039976312 -1.115082917 1.511243128 0.4539840596 0.7788927125 -0.9650322689 1.698089543 0.4481466454 0.7569132125 -0.9117890227 0.9874775586 0.4490752089 0.7388795261 -0.7907505082 0.9545576955 0.4371248194 0.7141865219 -0.7682494638 
2.194995938 1.811346336 0.4348178794 0.79148771 -1.206537329 1.696496196 0.4413112993 0.7823676679 -1.113873584 1.501952413 0.4289008778 0.7573213797 -0.9663052305 1.682691888 0.4230896913 0.7355705561 -0.9146770586 0.9879869332 0.4239870417 0.7177532235 -0.7967324249 
1.696613693 2.182164759 0.4158121888 0.7920044252 -1.29136169 1.802453769 0.4095953284 0.7699032732 -1.203565329 1.683667307 0.4160927952 0.7607842369 -1.11240335 1.490454119 0.4036365609 0.7359773988 -0.9681757176 1.666816654 0.3977222055 0.7144535174 -0.9184546668 
2.179271231 1.691204376 0.4031907427 0.8043968941 -1.367316988 2.166429003 0.3903950383 0.770418108 -1.286754808 1.787601182 0.3840381547 0.7483632373 -1.200442047 1.668556378 0.3906904781 0.7394290193 -1.111546906 1.479109489 0.3780599732 0.714859221 -0.9710017335 
1.614737831 2.166674222 0.3781538257 0.791714564 -1.506263131 1.684528944 0.377644361 0.7827654778 -1.361246165 2.144624802 0.3646328401 0.7488762796 -1.282098317 1.770423965 0.3582904661 0.7270483249 -1.197942355 1.653014286 0.3649747328 0.7183011784 -1.111822748 
1.666094797 1.610547802 0.3529480302 0.7461056228 -1.554876162 2.151224334 0.3523510907 0.7701293017 -1.497514297 1.67192862 0.3517460084 0.7611806618 -1.355216773 2.120349674 0.3386760696 0.7275597025 -1.278074505 1.752481087 0.3322264527 0.7059551451 -1.196681461 
1.429140794 1.661139965 0.340042227 0.6822154007 -1.585145887 1.60536083 0.3268872127 0.724686342 -1.545190374 2.129710528 0.3261826514 0.7485884788 -1.488973439 1.657051065 0.3256503893 0.7398241578 -1.3498282 2.094159849 0.3124012208 0.706465091 -1.275388283 
1.378249738 1.427714659 0.3129333089 0.5657333626 -1.669313975 1.65501935 0.3138492667 0.6610286312 -1.574876689 1.594272548 0.300446865 0.7033037298 -1.535770829 2.105731908 0.2998116009 0.7272728356 -1.481088289 1.641780126 0.2992355273 0.7186952106 -1.34586568 
0.9860012286 1.377581468 0.2914970356 0.482240256 -1.627178809 1.425901742 0.28646278 0.5449704982 -1.657422544 1.642982633 0.2872696972 0.6398676448 -1.564910015 1.580938857 0.2737985252 0.6821350322 -1.527012203 2.07988659 0.2731189975 0.7061790272 -1.474791017 
1.046464406 0.9911742875 0.2691831594 0.3906368321 -1.540442522 1.376693722 0.2648070204 0.4617812424 -1.61609948 1.418240974 0.259590772 0.5242135708 -1.645934523 1.628680547 0.2604793806 0.6189047925 -1.555607504 1.567461709 0.246826307 0.6611675922 -1.519898072 
0.9174303725 1.050737053 0.2377686784 0.2342123195 -1.59564431 0.9974174106 0.2422646721 0.3705111846 -1.531034924 1.369972786 0.2377037678 0.4413139403 -1.605373057 1.40840693 0.2325022298 0.5036260075 -1.635119684 1.614078237 0.2333639947 0.5981143727 -1.547984743 
0.9355552086 0.9236245823 0.2212108043 0.1583277871 -1.483302712 1.055880988 0.2105285377 0.2146559371 -1.585172768 0.9979403255 0.2149207077 0.3503616413 -1.521876269 1.361098351 0.2103794049 0.4209953801 -1.5953153 1.398995964 0.2050861172 0.4831583235 -1.626082622 
0.8787862851 0.941479505 0.1864132231 0.01091270551 -1.503150038 0.931114287 0.1938011273 0.1390475661 -1.474996411 1.055287299 0.1828456885 0.1950490073 -1.575016334 0.9964621891 0.1873508696 0.3303382145 -1.513376985 1.352802339 0.1827254939 0.4007590298 -1.586986248 
1.183811737 0.8855559791 0.1588785232 -0.0962579394 -1.46378047 0.9486397099 0.1586472532 -0.00783103781 -1.494461205 0.9329035346 0.1659396595 0.1197038685 -1.466870564 1.052669059 0.1549302593 0.1755295585 -1.565525188 0.9967598166 0.1594494246 0.3103556691 -1.506505387 
0.896442897 1.18603902 0.1398551653 -0.1660313324 -1.420610439 0.8937482127 0.1308306251 -0.1146116639 -1.455850436 0.9500942369 0.1304104051 -0.0266633742 -1.485976616 0.9327183808 0.1378420769 0.1004289091 -1.459397966 1.05164202 0.1266803248 0.1559804173 -1.557726018 
0.7401134878 0.9029496504 0.1003802731 -0.279549655 -1.476505197 1.188686053 0.1116124867 -0.1841311353 -1.413512452 0.8962511202 0.1022967454 -0.1330722411 -1.448077456 0.9495673185 0.101930014 -0.04546338278 -1.478147402 0.9345183038 0.1094084613 0.08109002063 -1.453486505 
0.7801553157 0.7489482844 0.07998592528 -0.3463392434 -1.343544693 0.9108208962 0.07173341048 -0.2972363384 -1.468329909 1.185555902 0.08287339188 -0.2023496789 -1.406519775 0.8967946453 0.07351344464 -0.1515269608 -1.440955632 0.9509701505 0.07311037919 -0.06439382944 -1.47190244 
0.6717306103 0.7883938131 0.02681278598 -0.5071031047 -1.384294626 0.7596615154 0.05113024467 -0.363782864 -1.33793205 0.91299773 0.04256847878 -0.3150611038 -1.460326929 1.18034782 0.05388081495 -0.2205795985 -1.400173628 0.8994412083 0.04438835986 -0.1701604706 -1.435372209 
0.4841815383 0.6815837585 -0.01788741573 -0.6293542347 -1.288351858 0.7983791051 -0.002587335189 -0.5239616683 -1.37789658 0.7647253635 0.0217453082 -0.3813759461 -1.332332345 0.9132083194 0.01314163809 -0.3329252831 -1.452976468 1.176311684 0.02454469881 -0.2390197877 -1.395315603 
0.5215606202 0.4968276501 -0.0409264715 -0.6881432788 -1.128438594 0.6935401538 -0.04774522293 -0.6457678981 -1.283802987 0.8027034805 -0.03254587887 -0.5409970843 -1.371560316 0.7678837244 -0.007905890962 -0.3990249387 -1.327370912 0.9154680497 -0.01663238391 -0.351050948 -1.447179227 
0.3455597302 0.5336500861 -0.07631318509 -0.7733870631 -1.163105127 0.5121935874 -0.07102017593 -0.7043429953 -1.126971848 0.699866863 -0.07818597169 -0.662379243 -1.279200898 0.8051068065 -0.06278203637 -0.5581281182 -1.365866689 0.7735684224 -0.03790615309 -0.4169655501 -1.323807845 
0.403021272 0.3602701853 -0.1126564651 -0.8539850587 -0.9977902868 0.5483364916 -0.1067692146 -0.7892765576 -1.160970227 0.5219838601 -0.1017094594 -0.7207504096 -1.125260209 0.704314662 -0.1089138766 -0.6791164008 -1.275231167 0.8099142417 -0.0933721628 -0.5756233024 -1.361618889 
0.213394791 0.4168760151 -0.162499137 -0.9442069787 -1.029856969 0.3781561931 -0.143484614 -0.8695812385 -0.99884162 0.5574364659 -0.1378402335 -0.8053882738 -1.158631987 0.5299681134 -0.1326908172 -0.7372981573 -1.124163791 0.7114975371 -0.1399998747 -0.6962728647 -1.27259552 
0.1141846367 0.2300734342 -0.1879159657 -0.9931626678 -0.8679669834 0.4337174027 -0.1938376257 -0.95947482 -1.030290258 0.3905064648 -0.1749476874 -0.8854133721 -0.999491464 0.5647158935 -0.169210881 -0.8216613779 -1.156912683 0.5412599372 -0.1640323939 -0.7542917349 -1.124215213 
0.1538718301 0.1323407086 -0.2398546131 -1.085963097 -0.7688174849 0.2503621301 -0.2195146977 -1.008252348 -0.8715204955 0.445006503 -0.2258383788 -0.9749939871 -1.030360493 0.4011045924 -0.2067181478 -0.9014268007 -1.000742528 0.5751887917 -0.2009450123 -0.8384187713 -1.156381593 
-0.04518858684 0.1714368838 -0.29317878 -1.171679399 -0.7862041376 0.154432992 -0.2719851458 -1.100715055 -0.7742819775 0.2651531584 -0.2517896357 -1.023601695 -0.8745169101 0.454521127 -0.258157159 -0.9907167333 -1.031035384 0.415433434 -0.2388554451 -0.9179608818 -1.002989271 
-0.2407059821 -0.02465914357 -0.320326896 -1.211960705 -0.6100192303 0.1928076753 -0.3258552996 -1.186119415 -0.7913335246 0.1710561845 -0.3048203739 -1.115742491 -0.7790705302 0.2782434087 -0.2843880268 -1.039166713 -0.8781006325 0.4675910632 -0.2908473748 -1.007000837 -1.032743302 
-0.1777549758 -0.2172649117 -0.3755302385 -1.287292095 -0.4283840276 0.0003304600408 -0.3532813855 -1.226254128 -0.6185443572 0.2086979443 -0.3592657641 -1.200849514 -0.7958078117 0.1860171567 -0.3379901426 -1.131008519 -0.7844357656 0.2954678068 -0.3173601985 -1.055315176 -0.8825288335 
-0.3532875792 -0.155251366 -0.4318310527 -1.343520433 -0.4629923972 -0.1887209062 -0.4090499559 -1.30131137 -0.4404099417 0.01989687833 -0.3869847114 -1.240844497 -0.6262032059 0.2229105687 -0.3930221526 -1.215839376 -0.8008606446 0.2054151162 -0.371538484 -1.14689986 -0.7905300041 
-0.494187864 -0.328169954 -0.4602864619 -1.375843844 -0.2905050301 -0.1278517762 -0.4659272349 -1.35733508 -0.4743512791 -0.1655437693 -0.4433487898 -1.315640426 -0.4513518669 0.03786301676 -0.4210397566 -1.255704578 -0.6344217202 0.241439035 -0.4271620337 -1.231493224 -0.8066627301 
-0.4018706712 -0.4669719646 -0.5179220139 -1.435040411 -0.1726597058 -0.2975792751 -0.4946739995 -1.389540859 -0.3051883865 -0.1058371874 -0.5008334159 -1.371469087 -0.4846676542 -0.1438909246 -0.4780111277 -1.3302578 -0.4628339932 0.06075262982 -0.4554807993 -1.271246819 -0.6431842912 
-0.2286198974 -0.3760295509 -0.5470533558 -1.449920197 -0.219088495 -0.4338197938 -0.5528996828 -1.448521996 -0.1896143809 -0.272323037 -0.5298871443 -1.403562741 -0.3186224898 -0.0853713566 -0.5361151197 -1.385905301 -0.495527939 -0.1167177877 -0.5130645563 -1.34559132 -0.4746486324 
-0.6464899829 -0.2053588118 -0.6057642708 -1.489256871 -0.06484504707 -0.3445556574 -0.5823293008 -1.463347631 -0.2351483142 -0.405961479 -0.5887345732 -1.462338534 -0.2051785514 -0.2485473363 -0.5654818864 -1.417894814 -0.3325820188 -0.05957739179 -0.5717931088 -1.401083031 -0.5067610439 
-0.5594167414 -0.6170060143 -0.6649657501 -1.523596765 0.01530527148 -0.1770345249 -0.6416413578 -1.502541149 -0.08387771244 -0.3184022108 -0.6184784467 -1.477112554 -0.2498732792 -0.3795289406 -0.6249633647 -1.476479884 -0.2212555191 -0.2189076876 -0.6014755391 -1.432982985 -0.3467134783 
-0.765010155 -0.5312294596 -0.6947919912 -1.544611102 -0.04124325927 -0.5810850722 -0.7014490019 -1.536756073 -0.005272189263 -0.1540805879 -0.6784238499 -1.516169619 -0.1013906449 -0.2937104198 -0.6550277125 -1.491205962 -0.2651160169 -0.3468023557 -0.6615963845 -1.491404039 -0.2373671673 
-0.8861835156 -0.7337611949 -0.7549160339 -1.58167358 0.1532100314 -0.4968914625 -0.7315806343 -1.557693933 -0.06073081905 -0.5504141172 -0.7388701321 -1.550265422 -0.02423384758 -0.1326556403 -0.7156189951 -1.53013629 -0.1194048208 -0.2630063807 -0.6919838943 -1.50608889 -0.2804475088 
-0.7928760375 -0.8531300528 -0.8003731124 -1.606001439 0.2620504643 -0.6956856193 -0.792320288 -1.594621532 0.1299746319 -0.4678285331 -0.7693235162 -1.571130387 -0.07867035642 -0.5211097465 -0.7767165536 -1.564121455 -0.04368816033 -0.1057472932 -0.7532264733 -1.544910229 -0.1373281096 
-0.2209874897 -0.7612121012 -0.8308318071 -1.619815887 0.2174195639 -0.8128516102 -0.8382428022 -1.618860857 0.236717304 -0.6628258924 -0.8307117602 -1.607929422 0.1085203298 -0.4401660289 -0.8074980564 -1.584918715 -0.09710860809 -0.4850464265 -0.81498077 -1.578800248 -0.06295823779 
-0.2126164645 -0.1978400653 -0.8919943074 -1.584299549 0.3545780105 -0.7226299388 -0.8690133639 -1.632625031 0.1929466074 -0.7777541136 -0.8771246443 -1.632084356 0.213295699 -0.631286687 -0.8695477258 -1.62159834 0.08658815144 -0.4060103668 -0.8460931437 -1.599539284 -0.1154284844 
0.2598124586 -0.1895937006 -0.952293668 -1.50384077 0.3435939555 -0.1696545315 -0.930802108 -1.597237945 0.3274614995 -0.6892555985 -0.9082237804 -1.645800611 0.1703317109 -0.7439300446 -0.9164606838 -1.645674893 0.1894078813 -0.592626749 -0.9088097856 -1.63611622 0.06500082085 
0.1900476859 0.2757998542 -0.9819480588 -1.447659924 0.2434369932 -0.1615603475 -0.9917188746 -1.517071975 0.3166891482 -0.146841546 -0.9706723172 -1.610536726 0.3023674489 -0.6571909497 -0.9478948962 -1.659346639 0.1472458189 -0.7026153608 -0.9562270115 -1.660125368 0.1659916738 
-0.186490719 0.2070740121 -1.04002636 -1.341629086 0.2918970053 0.2952447016 -1.021676897 -1.461095583 0.2184625838 -0.138901954 -1.032239565 -1.530649855 0.2917936356 -0.1255605162 -1.011016282 -1.624197183 0.276817101 -0.6179205076 -0.9879991106 -1.673758839 0.1245795572 
0.6249311164 -0.1638570173 -1.096583878 -1.266395648 0.2864770681 0.2277871458 -1.080349863 -1.355450617 0.2659885909 0.3091785115 -1.062517486 -1.474868346 0.1953774194 -0.1177787696 -1.073246885 -1.544569539 0.2664406486 -0.09881938502 -1.051798989 -1.638707787 0.2518461267 
0.2652101572 0.6354811983 -1.124428171 -1.230618745 0.1751263955 -0.1362986163 -1.137486474 -1.28049097 0.2606731161 0.243009337 -1.121816973 -1.369591185 0.2420275064 0.3213935029 -1.103851033 -1.488969037 0.1718240476 -0.0912210363 -1.114698509 -1.55930307 0.2416542425 
0.2208184913 0.2811171708 -1.17907941 -1.119469877 0.1947047099 0.6482883834 -1.165615866 -1.244844268 0.151468586 -0.1141227002 -1.179563701 -1.294892512 0.2368099976 0.2565398239 -1.163789441 -1.384033493 0.2176034076 0.3376009522 -1.145631622 -1.503858228 0.1487206076 
0.6799826575 0.2373865815 -1.21900523 -1.046345705 0.2192283834 0.3004638909 -1.220826679 -1.134099896 0.1706695533 0.6554793625 -1.207993464 -1.259369915 0.1296181432 -0.09349214685 -1.222158358 -1.309577211 0.2124832839 0.2742757257 -1.206214308 -1.399216462 0.1936856801 
0.3686323988 0.689712917 -1.245184093 -1.006498948 0.09132307977 0.2575403184 -1.2611613 -1.06124184 0.1947205642 0.3142980187 -1.26379383 -1.149011102 0.1484652303 0.66080962 -1.250894437 -1.274169882 0.1072921727 -0.06750679362 -1.265210634 -1.32496863 0.1886566292 
-0.3982599201 0.3829992578 -1.309091601 -0.8979682871 0.0317869217 0.7015192944 -1.287608209 -1.021540094 0.06928047251 0.2721942495 -1.304559152 -1.076406703 0.1720729731 0.3264112304 -1.307296021 -1.164169176 0.1257874777 0.6690178093 -1.294255596 -1.289660427 0.08533657521 
0.04872194246 -0.3724725708 -1.33412307 -0.8771230622 0.04522475196 0.4004658168 -1.352170067 -0.9134044017 0.01089179812 0.7076936089 -1.331288466 -1.03684318 0.0489447839 0.2851445173 -1.348500568 -1.091800372 0.1489545804 0.3425004233 -1.351263443 -1.17996768 0.1035029002 
-0.0662032257 0.06785287872 -1.383885674 -0.877361338 -0.04654672813 -0.3410643188 -1.377457834 -0.8926350374 0.0240706313 0.4123899938 -1.396539729 -0.929083964 -0.008367767846 0.7119858061 -1.375517877 -1.05236523 0.02812458708 0.3022062721 -1.392910897 -1.107801481 0.1262579245 
0.1588493877 -0.04536083436 -1.408758896 -0.8736968091 0.03099735063 0.09113523903 -1.427729957 -0.892872446 -0.0659320703 -0.3149775538 -1.422097523 -0.9083869087 0.004568175066 0.4225530596 -1.441472186 -0.9449556848 -0.02811822204 0.7189878899 -1.420218615 -1.068476742 0.007577160647 
0.086859801 0.1763403161 -1.458324606 -0.8528373226 -0.08035432552 -0.01998919582 -1.452857857 -0.8892212532 0.01011744503 0.1089673641 -1.472906463 -0.9086234908 -0.08377574689 -0.2903538476 -1.467305352 -0.9243257899 -0.01542372937 0.43637641 -1.486881868 -0.9613679019 -0.04766524538 
-0.5493264599 0.1054227918 -1.50755547 -0.8368055677 -0.02155608331 0.1976206182 -1.502931071 -0.8684376793 -0.09908806928 -3.468958291e-05 -1.498302683 -0.9049850097 -0.009127849355 0.1251627111 -1.518661731 -0.9245616043 -0.1021187061 -0.2597289153 -1.512992716 -0.9407957628 -0.03519655242 
0.2238642283 -0.5212894415 -1.532078815 -0.8310523281 -0.1331289223 0.1280118262 -1.55266601 -0.8524642676 -0.04142308836 0.2134189642 -1.548910589 -0.8842737942 -0.1163206698 0.01832770414 -1.544331582 -0.9209349298 -0.02886411658 0.1459948704 -1.564901124 -0.9410309169 -0.1203494667 
0.1381267084 0.2403869617 -1.568925192 -0.8491387222 -0.2052468776 -0.4871348805 -1.57744045 -0.8467319653 -0.1508455029 0.1451396401 -1.599176608 -0.8683559944 -0.05971847361 0.2275377309 -1.595484761 -0.9002909207 -0.1340561758 0.04167771974 -1.590846901 -0.9374143957 -0.04839787253 
0.1121288217 0.1559262371 -1.618143744 -0.8451351938 -0.145336401 0.2604853287 -1.614664098 -0.8647525389 -0.2215734764 -0.4582582933 -1.624215594 -0.8626436492 -0.1671241967 0.1606158537 -1.646292369 -0.8844247729 -0.07851046343 0.2459571457 -1.642549926 -0.9168281818 -0.1517188577 
0.261660512 0.1303155085 -1.642759118 -0.8877926624 -0.04613219965 0.1775832665 -1.6643866 -0.8607635803 -0.1628176979 0.2750830127 -1.661836724 -0.8806014838 -0.2365486302 -0.4307860531 -1.671601137 -0.8787309639 -0.1839114515 0.1806124637 -1.693903666 -0.9010064531 -0.097161149 
-0.252758007 0.2776203866 -1.692425521 -0.8708497175 -0.1698627243 0.1524451656 -1.68925401 -0.9032658084 -0.06552553133 0.1937643086 -1.712090173 -0.8766264128 -0.1788757402 0.2879758496 -1.709627614 -0.8966305266 -0.2520400733 -0.3968514555 -1.719484478 -0.8953285846 -0.2006873468 
0.2051871276 -0.2291374589 -1.741909961 -0.8806696101 -0.09987925447 0.2970316374 -1.739428949 -0.8863845228 -0.1868713076 0.1691063238 -1.737223123 -0.9189806685 -0.08337670056 0.2082738254 -1.760422517 -0.8926683545 -0.1954436517 0.3049708764 -1.757919702 -0.9131780354 -0.2676041499 
0.1960644506 0.2219879986 -1.766755008 -0.9001359722 -0.190155086 -0.200374354 -1.78942006 -0.8961686785 -0.1182366801 0.3109313183 -1.787933839 -0.9021581555 -0.2024860339 0.1841060608 -1.785826261 -0.9348851737 -0.101727108 0.2271472463 -1.8092606 -0.9092269558 -0.2120144212 
0.1852210794 0.2130011757 -1.81668533 -0.8924198934 -0.1757888117 0.2424259054 -1.814519496 -0.9155641981 -0.2067725598 -0.1769746464 -1.838458766 -0.9119082474 -0.1351163653 0.3231114626 -1.837083358 -0.9181172485 -0.2186132577 0.2035490605 -1.834937409 -0.9513255843 -0.119964834 
0.3155009153 0.202319283 -1.854077616 -0.8947217301 -0.1015064598 0.2336049279 -1.864961056 -0.9078761998 -0.1926831771 0.2573685088 -1.863826218 -0.931236241 -0.2220204994 -0.1550945468 -1.888152663 -0.9278357021 -0.1525010485 0.3392784235 -1.886745469 -0.9346046028 -0.2347719043 
-0.1033136864 0.3306590035 -1.879009294 -0.8855610658 -0.2114229983 0.2231201619 -1.902736202 -0.9101696596 -0.1198325231 0.2487160044 -1.914806403 -0.9235750087 -0.2081907888 0.270613524 -1.913793437 -0.9471009778 -0.237783111 -0.1276573662 -1.938363719 -0.9442958486 -0.1698356474 
0.1014173099 -0.08191864947 -1.928659087 -0.8671366542 -0.1668338842 0.3490914645 -1.927923156 -0.9010423332 -0.2276305602 0.2384314884 -1.95298492 -0.9258604838 -0.1366827964 0.2621330382 -1.965322906 -0.9394646056 -0.2242115329 0.288017741 -1.964280105 -0.9635071889 -0.2536007793 
0.6427318832 0.1197635116 -1.978177384 -0.8688233882 -0.1026362336 -0.05587236256 -1.978081314 -0.8826849722 -0.1839008445 0.3619968475 -1.978440826 -0.9167649343 -0.24249408 0.2520529865 -2.003912775 -0.9417426645 -0.154038242 0.2797371208 -2.016363465 -0.9558921956 -0.2402706018 
0.3832066166 0.6530168778 -2.002919077 -0.8657128272 -0.2088778072 0.1420878982 -2.028106629 -0.8843655678 -0.120940522 -0.03523251869 -2.029134583 -0.8984714849 -0.1995703174 0.3731617688 -2.029642955 -0.9326766294 -0.2578745508 0.2698946329 -2.055368138 -0.9581638769 -0.1713454985 
