# Tue Feb  6 16:08:23 2024

# input dimensionality
20

# covariance function
CovSum(CovSEard, CovNoise)

# log-hyperparameter
6.529698055 0.3032287867 2.113640008 3.802340172 1.816201441 2.156305127 0.2610741826 3.31058409 1.070158735 2.645121777 1.008130429 2.838647705 4.50682951 2.736558163 1.652404215 0.1893085095 4.971017433 2.453182495 3.045455128 0.6291214532 0.685097124 -1.606810634 

# mean for input values
0.2549289646 -0.8824722661 -0.04542981696 -0.292892541 0.2696584752 -0.8788295411 -0.04640068261 -0.3182843853 0.2861649346 -0.875134955 -0.047350503 -0.3431086173 0.3051838554 -0.8713472604 -0.04828708092 -0.3690598485 0.3264655794 -0.8675132173 -0.04922448685 -0.3957708814 
# std_dev for input values
0.5109943482 0.1227556854 0.03643364022 0.6900708352 0.5343574412 0.1255335802 0.03637828192 0.7289801678 0.5611738016 0.1282393892 0.03631443452 0.7628325285 0.5958078633 0.1309747913 0.03623069251 0.7986139863 0.6264762766 0.1336417194 0.03613734413 0.8336055646 

# mean and std_dev for target values
0.241947831 0.4927786555

# data (target value in first column)
3.115887588 2.81354007 2.396930515 -1.522670971 -3.207894462 3.108884284 2.393662673 -1.450812304 -3.459469305 3.247681677 2.352414069 -1.410503351 -3.172056974 3.571653583 2.34857833 -1.371031558 -3.183894636 3.325129487 2.309577779 -1.365904814 -3.0929268 
3.341458177 2.979410179 2.356217869 -1.518669738 -3.070951542 2.662962006 2.31487163 -1.498300024 -3.001841015 2.930908368 2.314347103 -1.427207646 -3.273405616 3.02697407 2.274364753 -1.387913125 -2.997439378 3.362836942 2.27302159 -1.348633057 -3.018204125 
2.960426074 3.196939731 2.274821399 -1.512270906 -3.112050285 2.821579968 2.275059902 -1.494292702 -2.872207426 2.50629502 2.237218525 -1.474778858 -2.83608558 2.72861466 2.237092813 -1.40465603 -3.094247151 2.844821576 2.200289004 -1.365558232 -2.839575548 
3.170684764 2.829490486 2.213901702 -1.508574048 -2.848168811 3.029598727 2.19546463 -1.487884132 -2.911112523 2.657333233 2.198246811 -1.470764491 -2.712204766 2.328683908 2.161575062 -1.452337196 -2.676520998 2.561068003 2.163760856 -1.382344386 -2.932319699 
2.956567044 3.032253971 2.132819956 -1.504002146 -2.883211266 2.678215041 2.135893006 -1.484181649 -2.661315728 2.855411567 2.120330973 -1.464344654 -2.749383364 2.470942333 2.12341727 -1.44831355 -2.558190594 2.180715393 2.089750122 -1.43014872 -2.532128095 
2.41127268 2.825769021 2.052195642 -1.483393729 -2.723315629 2.872113332 2.056605493 -1.47960279 -2.694487792 2.52081917 2.062016291 -1.460635661 -2.510671848 2.657506456 2.047128701 -1.441878874 -2.593703426 2.316009723 2.0523538 -1.42611468 -2.41876475 
2.239350701 2.299913061 2.012027211 -1.481406836 -2.455963875 2.674656285 1.977765291 -1.458963012 -2.543126587 2.7054518 1.984401719 -1.456048751 -2.542371828 2.342363775 1.990031918 -1.438161309 -2.365687247 2.493440818 1.977587631 -1.419663382 -2.452786888 
2.656464217 2.134119678 1.951836762 -1.462725967 -2.210502692 2.171791718 1.938485735 -1.456973095 -2.290044739 2.517430474 1.907225019 -1.435372684 -2.397727608 2.516263788 1.914038323 -1.433563797 -2.395966928 2.193725578 1.92163026 -1.415936214 -2.234341958 
1.971714845 2.536364123 1.872282427 -1.426968327 -2.262562599 2.013247127 1.879627223 -1.438263799 -2.057685053 2.03859589 1.868774249 -1.433379269 -2.155876821 2.339172063 1.838473454 -1.41283994 -2.257803412 2.359112519 1.847153178 -1.411326826 -2.263350614 
2.027128568 1.876024383 1.832899225 -1.425976905 -2.017648078 2.397904703 1.801833321 -1.402451745 -2.106966261 1.887627542 1.811157632 -1.414637079 -1.933828603 1.888171933 1.800825727 -1.410841918 -2.026788615 2.190690112 1.773096267 -1.390549437 -2.130986674 
1.742970234 1.929462742 1.754293624 -1.425172198 -2.187340073 1.766436234 1.763321618 -1.401458815 -1.875124058 2.253903796 1.735005156 -1.378762061 -1.98092285 1.745979312 1.74441243 -1.392056408 -1.814689145 1.761768166 1.73619983 -1.388546253 -1.909668997 
1.347897978 1.655433955 1.675720813 -1.425520149 -1.991446103 1.81753817 1.686455457 -1.400652883 -2.035758739 1.652610803 1.697306038 -1.377767385 -1.759369151 2.09096408 1.669850395 -1.356098469 -1.85967336 1.626536418 1.680912306 -1.369712217 -1.706472652 
0.9580513429 1.274445054 1.636439288 -1.425696326 -1.712991161 1.555490427 1.60962136 -1.401001363 -1.850320613 1.701270772 1.622061727 -1.376960036 -1.912875317 1.524623997 1.632938621 -1.355101494 -1.648046252 1.954632861 1.607838217 -1.333661394 -1.749568602 
1.137804153 0.8984954935 1.557888762 -1.425999144 -1.431706354 1.191159063 1.571209084 -1.401177809 -1.586728211 1.451745293 1.546848804 -1.377309129 -1.735666414 1.570455382 1.559265784 -1.35429228 -1.794674659 1.416017294 1.571663047 -1.332661843 -1.546824792 
0.7824891748 1.071840558 1.518622029 -1.426291151 -1.442547944 0.831646711 1.494396779 -1.401481087 -1.320456986 1.104823939 1.509247015 -1.377485885 -1.4837715 1.335434715 1.485623679 -1.354642179 -1.625405503 1.459605057 1.49946041 -1.331850538 -1.687298298 
0.6204653069 0.7291916853 1.440400768 -1.410133897 -1.182025489 0.9974128096 1.455998967 -1.401773539 -1.330719906 0.7624913135 1.434055424 -1.377789696 -1.229316643 1.008679754 1.448807201 -1.354819343 -1.384796601 1.236089552 1.427287893 -1.332201342 -1.525134415 
0.6912725562 0.5729435701 1.362371135 -1.410648732 -1.186956998 0.6697451775 1.379508641 -1.385591697 -1.084102843 0.9203360811 1.396467794 -1.378082662 -1.239124124 0.686246781 1.375185983 -1.355123857 -1.141742453 0.9253304978 1.391206118 -1.332378964 -1.294625356 
0.1553174485 0.6412267149 1.323419196 -1.394648444 -0.9968482403 0.5203285181 1.303205703 -1.386107316 -1.088771132 0.6083264382 1.321591389 -1.36187237 -1.003451232 0.8349160983 1.338383368 -1.355417501 -1.151110515 0.6186818539 1.319054071 -1.332684264 -1.061773693 
-0.02716805794 0.1243770897 1.246168371 -1.379462409 -0.7307669463 0.5856261979 1.265115719 -1.37008268 -0.9088094338 0.4660498324 1.246898417 -1.362388895 -1.007912355 0.5410434454 1.265070753 -1.33916974 -0.9259968167 0.7600732387 1.282985882 -1.332978666 -1.07074852 
-0.4449181753 -0.05160325685 1.169064697 -1.38160747 -0.7275961086 0.09137419166 1.189574354 -1.354873535 -0.6569302347 0.5282271845 1.209612119 -1.346336085 -0.8359368507 0.4070373191 1.191937741 -1.339687459 -0.930258062 0.4805867777 1.211136279 -1.316688935 -0.8550842346 
-0.6600446548 -0.4544616092 1.130496221 -1.382834613 -0.4315651721 -0.07691196955 1.114176884 -1.357021861 -0.6539286406 0.0575936008 1.135664652 -1.3311002 -0.5952353416 0.4656003278 1.155430166 -1.323597545 -0.7659878249 0.3531407646 1.139462694 -1.317207991 -0.8591666091 
-0.6783753948 -0.6619193583 1.072622665 -1.384569386 -0.2788446161 -0.4621566116 1.076461878 -1.358250871 -0.3736983618 -0.1026508052 1.061858045 -1.333252302 -0.5923669497 0.02232447724 1.083027088 -1.308326445 -0.5360708137 0.4088368897 1.103683657 -1.301076515 -0.7017918092 
-1.011919821 -0.6795966524 1.034027226 -1.385836862 -0.2678488241 -0.6605439253 1.019868989 -1.359988284 -0.2291292689 -0.4694860719 1.024938813 -1.334483473 -0.3245725021 -0.1286049885 1.010761928 -1.310483522 -0.5333309386 -0.01273891012 1.032725441 -1.285765967 -0.4815258362 
-1.441410302 -1.001251039 0.9568007502 -1.38849198 -0.0300326956 -0.6774483356 0.9821276166 -1.361257688 -0.2187203775 -0.6583932107 0.9695400153 -1.336223941 -0.1864189786 -0.4741162747 0.9746137522 -1.311717538 -0.277534873 -0.1562798004 0.9619023905 -1.287928615 -0.4789009706 
-1.264103656 -1.415431241 0.8795320634 -1.390609174 0.2790306026 -0.9850393995 0.9066100624 -1.363916848 0.006402309878 -0.6744898236 0.9325949732 -1.337495577 -0.1764720046 -0.6520423207 0.9203719556 -1.313462029 -0.1455712417 -0.4848769858 0.9264755811 -1.28916582 -0.233842247 
-1.664258902 -1.244445141 0.8409450068 -1.375050339 0.2788965705 -1.381110878 0.8310512311 -1.366037263 0.2989693477 -0.9673822811 0.8586708146 -1.340159412 0.03866037155 -0.6672032442 0.8841985089 -1.314736605 -0.1360699363 -0.6540928704 0.8733162232 -1.290914817 -0.1074179451 
-1.084205239 -1.630335836 0.7641641495 -1.360648699 0.5677199986 -1.217600606 0.7933180558 -1.350454751 0.2988424696 -1.344527011 0.7847062499 -1.342283555 0.3182441076 -0.9430699858 0.8118182528 -1.317406596 0.06942355272 -0.6685116085 0.8378646468 -1.292192685 -0.09831546819 
-0.1863956416 -1.07095966 0.6881893016 -1.27402381 0.6983656663 -1.586619448 0.718236259 -1.336031196 0.5722499408 -1.188830273 0.7477692322 -1.326673647 0.31812286 -1.298291451 0.7393984343 -1.319535649 0.3364806942 -0.9308736165 0.766928797 -1.294869573 0.09855218889 
-0.0240260148 -0.2051547684 0.6513683849 -1.213486936 0.6171074313 -1.051700231 0.6439426356 -1.249274486 0.6959223932 -1.540215109 0.6742716367 -1.312224733 0.5793972771 -1.151645298 0.7032328444 -1.30388966 0.336364879 -1.26870563 0.6959541743 -1.297004126 0.3543992914 
1.030807067 -0.04857321982 0.580656962 -1.065897966 0.6176960989 -0.2237499258 0.6079365179 -1.188645491 0.6190013182 -1.030857645 0.6015455844 -1.225315488 0.6975814941 -1.482604281 0.6312702426 -1.28940735 0.5859330404 -1.129238368 0.6605102979 -1.281317721 0.3542883376 
1.4830439 0.9686576553 0.514732326 -0.8425406933 0.5991414665 -0.07401441133 0.5387898467 -1.040831928 0.6195585657 -0.2424719343 0.5662991839 -1.164579896 0.62407396 -1.002855553 0.5600630703 -1.202297227 0.698822079 -1.443995641 0.5899837677 -1.266798001 0.5933805807 
0.8382927418 1.404773356 0.4843200821 -0.7567991442 0.4018639384 0.8987412537 0.4743240371 -0.8171347646 0.6019942872 -0.09989171024 0.4986114849 -1.016506451 0.6246064783 -0.2602983739 0.5255527892 -1.141421254 0.6286080092 -0.9877324517 0.5201975919 -1.179462859 0.7015309684 
-0.4841583023 0.7830059922 0.4277215607 -0.6114224035 0.3134703113 1.315789172 0.4445847766 -0.731262739 0.4152464515 0.8263796633 0.4355058827 -0.7924159862 0.6078216531 -0.1260062786 0.4592787444 -0.9930055576 0.6291166684 -0.2815262902 0.4863759912 -1.118429633 0.6342642172 
-1.003229094 -0.4923029221 0.3874925431 -0.586510594 0.3834577904 0.7212066237 0.3892387069 -0.5856647728 0.3315708362 1.223498448 0.4063941108 -0.706392982 0.4293611608 0.7464213278 0.3974910996 -0.7683971405 0.613083878 -0.1538083073 0.4214244984 -0.9696305564 0.6347515249 
-0.6951296992 -0.9928701159 0.3609500675 -0.5797497803 0.3636931 -0.4983434326 0.349899905 -0.560715054 0.397822732 0.6573287377 0.352215825 -0.5605390279 0.3493988338 1.120455764 0.3689873256 -0.6821753065 0.4426192093 0.6759106262 0.3608698758 -0.7444419408 0.6193917298 
0.05636723896 -0.6957537071 0.3080359962 -0.5709077082 0.4436665643 -0.9770249054 0.3239447798 -0.5539439521 0.3791129824 -0.5039436623 0.313707059 -0.535545443 0.4127106569 0.5871972617 0.3159405507 -0.5359842321 0.3662395502 1.031634644 0.3329349176 -0.6579973824 0.4560825169 
-0.05284963303 0.028954212 0.2565473982 -0.4429853439 0.4845157998 -0.6928989739 0.2722016281 -0.5450884246 0.4548178614 -0.9597507692 0.2882995785 -0.5287624363 0.3948311934 -0.5065708599 0.2782360383 -0.5109328781 0.4267147221 0.524481188 0.2809467337 -0.5114286737 0.3829089842 
-0.338061932 -0.0763693469 0.2320207159 -0.4168224655 0.3706776766 0.0001233781769 0.2218524058 -0.4169713957 0.493486768 -0.6892021347 0.2376481903 -0.5198913392 0.4671765029 -0.9358820904 0.2533591918 -0.5041341935 0.409636338 -0.5157427947 0.2439946453 -0.4863126082 0.4408456393 
-0.1527093343 -0.3514145283 0.1843125634 -0.3617895584 0.3594692411 -0.1005952405 0.197868467 -0.3907687042 0.3857247571 -0.02929668356 0.18836132 -0.3915490572 0.5041293922 -0.6810603349 0.2037656553 -0.4952425921 0.4787402559 -0.9240375962 0.2196142362 -0.4794963615 0.4244841406 
-0.4736613186 -0.1726692953 0.1499720996 -0.3143410461 0.3562527951 -0.3636149393 0.1512160339 -0.3356520514 0.3751145721 -0.1252023427 0.1648834345 -0.3653002966 0.4011495561 -0.05951491127 0.155508139 -0.3666036655 0.5140374915 -0.6816903416 0.1710103788 -0.4705817917 0.4906873399 
-0.1205027219 -0.48218013 0.116336236 -0.2811314488 0.3423366879 -0.1926847775 0.1176354799 -0.2881313347 0.372069804 -0.375653331 0.1192153524 -0.3100867386 0.3910102213 -0.1498456146 0.1325205879 -0.3402942347 0.41567161 -0.0905719471 0.12371588 -0.3416105707 0.5245029323 
-0.7486889073 -0.1416107694 0.07288613265 -0.2230243 0.3118818742 -0.4886632276 0.08474393414 -0.2548712011 0.3588964694 -0.2128912712 0.08634333706 -0.2624824719 0.3881005713 -0.3857379918 0.08780628143 -0.2849530585 0.4059865624 -0.1764806165 0.101187064 -0.3152331786 0.4302660749 
-1.33740428 -0.7474036611 0.05175232769 -0.2258487039 0.3976260369 -0.1629841876 0.04225532505 -0.1966756283 0.3300671819 -0.4947260375 0.05414579216 -0.2291638608 0.3755118323 -0.2324372224 0.05562079653 -0.2372387614 0.4032072777 -0.4008251583 0.05736506753 -0.2597490475 0.4209875686 
-0.3870020412 -1.315132778 0.009250516947 -0.249280315 0.3921805225 -0.7422906967 0.02158918369 -0.1995043301 0.411234748 -0.1846099595 0.01255367879 -0.1708659696 0.3479619075 -0.4978890517 0.02409569577 -0.2038431392 0.3911825701 -0.2550290487 0.0258218699 -0.211911497 0.4183249477 
-0.121831773 -0.3986100429 -0.03330101321 -0.1912483086 0.4872305704 -1.285197649 -0.01997211729 -0.2229715982 0.4060798882 -0.736233615 -0.00767641376 -0.1736996448 0.4255274854 -0.2057998915 -0.01662776836 -0.1454105008 0.3648670045 -0.5074859943 -0.00507412209 -0.1784296087 0.4068049914 
-0.5808424633 -0.1428924431 -0.05391316534 -0.1416578677 0.4204570029 -0.4087469789 -0.06158203746 -0.1648512821 0.4960566376 -1.25319711 -0.04836078492 -0.1972081726 0.4206013838 -0.7253578949 -0.03643535642 -0.1482507257 0.4389572996 -0.2296957173 -0.0449849167 -0.1198460297 0.3815940527 
-0.5255611341 -0.5855405303 -0.09362814804 -0.1096070005 0.4243039573 -0.1642098242 -0.08173806948 -0.1151853774 0.4328471108 -0.4186286822 -0.08909274942 -0.1389856704 0.5065852183 -1.212270519 -0.0762700365 -0.17181359 0.4342519092 -0.7238193664 -0.06439722839 -0.1226935913 0.4525743202 
-0.2742812049 -0.5322298446 -0.1131044163 -0.09255850666 0.4266458724 -0.5875045205 -0.1205742113 -0.08308573716 0.4364887339 -0.1857770275 -0.1088234958 -0.08923244396 0.4461807524 -0.4262152038 -0.1161513159 -0.1134565149 0.5163832856 -1.186895752 -0.1034369753 -0.1463173222 0.4480664441 
-0.167832406 -0.2899074274 -0.1511094479 -0.04892368656 0.3559907583 -0.5365246764 -0.1396194951 -0.06601129991 0.4387056493 -0.5888440812 -0.1468402077 -0.05707636672 0.4496607704 -0.2068991184 -0.1354699866 -0.06358829107 0.4586852084 -0.4393208558 -0.1425223917 -0.08780950171 0.526750259 
-0.4538224263 -0.1872532666 -0.1787585986 -0.000867686599 0.3962465127 -0.3047970422 -0.1767835247 -0.02231007895 0.3718217534 -0.5403003698 -0.1654836423 -0.0399719095 0.4517793054 -0.5865360529 -0.1726927214 -0.0313578897 0.4620093062 -0.2307411327 -0.1614555428 -0.03781246047 0.4714741267 
-0.5137490507 -0.4630484455 -0.2055154289 0.02673801905 0.4295009255 -0.2066311107 -0.2038208357 0.02581904975 0.409928856 -0.3196461174 -0.2018635231 0.003806146179 0.3878635286 -0.5408141672 -0.1909467887 -0.014213898 0.4640329213 -0.5917933853 -0.1979354679 -0.00549880296 0.4746586915 
-0.4424701837 -0.520838833 -0.2403294788 0.05252924914 0.3642717077 -0.4703680156 -0.2299855723 0.05346676411 0.4414083138 -0.2261711622 -0.2283303557 0.05201989467 0.4242795452 -0.3329864541 -0.2265668776 0.02966534433 0.4029808555 -0.548309761 -0.2158252606 0.01168947434 0.4765973631 
-0.6017876653 -0.4521008824 -0.2573791218 0.06990448591 0.4002540965 -0.5256317008 -0.2640292325 0.07929724175 0.379660707 -0.4773050841 -0.2539430249 0.07971621876 0.4543620333 -0.2449451589 -0.2524809517 0.07799053193 0.4377652727 -0.3506560105 -0.2507345219 0.05568206358 0.4181080298 
-0.4661962197 -0.6057390873 -0.2908597069 0.07602051632 0.3832996478 -0.4598991002 -0.2807015891 0.09669891912 0.413722535 -0.529927928 -0.287268375 0.1055921111 0.3953546115 -0.4814807711 -0.2775587015 0.1057508721 0.4664999315 -0.2669246739 -0.2761314598 0.1041320827 0.45143233 
-0.5838254783 -0.4749811436 -0.3157826407 0.1109429044 0.3556958237 -0.6068199594 -0.3134412924 0.1028242565 0.3976730303 -0.4673364383 -0.3035889504 0.1230243838 0.4279048714 -0.5310446711 -0.3101880534 0.1316865728 0.4101363046 -0.4918809618 -0.3007087629 0.1319641321 0.4789608176 
-0.44275431 -0.5884172082 -0.332089386 0.1233826697 0.3944301248 -0.4817789941 -0.3378127141 0.1377997874 0.371542561 -0.6072365088 -0.3356378567 0.1291604906 0.4125675986 -0.4720915985 -0.3261677743 0.1491591377 0.4412281681 -0.5390185191 -0.3326869698 0.1579668287 0.4249631205 
-0.3348171714 -0.4523748803 -0.3641480119 0.1419320997 0.3386901156 -0.5902554248 -0.3537586124 0.1502584828 0.4082094179 -0.4881707754 -0.3594950494 0.1641975149 0.3875967259 -0.6038593364 -0.3575473408 0.1553094273 0.4265780733 -0.4829514252 -0.3483478025 0.175484528 0.4547498663 
-0.3173055729 -0.3482854354 -0.3953407221 0.1748928219 0.3821537756 -0.4601611184 -0.3851078226 0.1688361402 0.3554445329 -0.5914635302 -0.3751044944 0.1766781149 0.4226364109 -0.4917148442 -0.3809062772 0.1904274345 0.4027260068 -0.6082686277 -0.3791011645 0.1816507047 0.4407147266 
-0.6001333363 -0.3313980824 -0.4105641456 0.1967807463 0.4267024173 -0.3606226561 -0.4156102787 0.2018470201 0.396588319 -0.4675859357 -0.4057922466 0.1952884353 0.372213083 -0.5890032345 -0.3961897197 0.2029368816 0.4361957581 -0.5016140379 -0.4019939545 0.2168594273 0.4178638787 
-0.5831232486 -0.6041437311 -0.4404086767 0.2228740782 0.4684796416 -0.3444736492 -0.4304968276 0.2237682522 0.438759176 -0.3728040376 -0.4356511108 0.2283573543 0.4115310237 -0.4723265927 -0.4262365597 0.2215902171 0.3880316195 -0.5941397888 -0.4169724036 0.2294011882 0.4499286977 
-0.3973476235 -0.5877400112 -0.4696502494 0.2425239107 0.4185479052 -0.6052943551 -0.4596809382 0.2499012914 0.47830654 -0.3574267304 -0.4502235585 0.250317128 0.4518304568 -0.3830543267 -0.455471823 0.2547355701 0.4255879417 -0.4831749155 -0.4464196348 0.2481027081 0.4037863057 
-0.3644494224 -0.4085868306 -0.4840381505 0.2721191015 0.435277017 -0.5896078361 -0.4882754329 0.2695810258 0.4310399112 -0.6057838073 -0.4787918939 0.2764961138 0.4896228201 -0.3685708958 -0.4697399258 0.2767461006 0.4640817809 -0.3982728689 -0.4750714849 0.2813336808 0.4397661569 
-0.2313864186 -0.3768613696 -0.511707478 0.2987449457 0.3944432148 -0.418287563 -0.5023449484 0.2992212528 0.4468761063 -0.5908468873 -0.5067830541 0.2962104488 0.4444537512 -0.6024910799 -0.4977116129 0.3029855954 0.5001808783 -0.3844984575 -0.4890548562 0.3034010679 0.4766441717 
-0.4619233733 -0.2485417348 -0.5318587662 0.3336755439 0.4000993402 -0.3879491977 -0.5294019897 0.3258876146 0.4082218092 -0.4277133581 -0.5205557075 0.3259027887 0.4595871805 -0.5884224368 -0.5251181792 0.3227454972 0.4570355846 -0.6069673525 -0.5164683457 0.3297083434 0.5112279668 
-0.7247694065 -0.4708606136 -0.5449518302 0.3494412656 0.4348003406 -0.265239934 -0.5491073562 0.3608713681 0.4135760388 -0.3988247478 -0.5470418541 0.3526160348 0.4226482523 -0.4347717913 -0.5386031914 0.3525064667 0.4714909689 -0.5935874234 -0.5433279919 0.3495192881 0.4698937478 
-0.5320372715 -0.7243368317 -0.5705809572 0.3621192415 0.4511043174 -0.4778386213 -0.5619106877 0.3766610812 0.4464248725 -0.2819792929 -0.5663314438 0.3876612961 0.4277648763 -0.4075624638 -0.5645361761 0.3792814567 0.436207069 -0.4474585655 -0.5565438998 0.3793571348 0.4837423503 
-0.1922456524 -0.5384751236 -0.5957310232 0.3769479437 0.4133985513 -0.7202323916 -0.5869726755 0.3893583496 0.4618586242 -0.484418698 -0.5788646292 0.4034787704 0.4591559713 -0.2975091863 -0.5834229037 0.41440772 0.4410944454 -0.4215812389 -0.5819593709 0.4062012887 0.4499395338 
-0.007445956347 -0.2107962407 -0.6080638131 0.3912040349 0.4625926568 -0.5424969003 -0.6115662032 0.4042096173 0.4261654042 -0.7152293924 -0.6033978173 0.416198363 0.4739048165 -0.4881808735 -0.5956943341 0.4302617541 0.4710790798 -0.3169154908 -0.6004691987 0.4414182887 0.4546217568 
-0.5077483907 -0.03258419971 -0.6318879637 0.4565177335 0.4051848271 -0.2291447426 -0.6236260845 0.4184874025 0.4727337732 -0.5459872038 -0.6274724297 0.4310757418 0.4397955611 -0.7055746389 -0.6197151478 0.4430107461 0.4851671111 -0.4982530686 -0.6124957428 0.4573132762 0.4833477507 
-0.7556020072 -0.5150520817 -0.6543555363 0.4739958197 0.4318513778 -0.05872446067 -0.6469230376 0.4839004916 0.4183900877 -0.2476089533 -0.6392778514 0.44537863 0.484297357 -0.5461704279 -0.6432869631 0.4579225119 0.4525861021 -0.7050045765 -0.6360372018 0.4700952009 0.4968444203 
-0.5463507943 -0.7540703259 -0.6654047219 0.4753209844 0.4857909847 -0.520097957 -0.6688934321 0.5014051749 0.4436333107 -0.08533240813 -0.6620832465 0.5109067272 0.4323652912 -0.2651367802 -0.6548458292 0.4722584592 0.4950940196 -0.5534038122 -0.6591386225 0.4850454861 0.4656310376 
0.09748057023 -0.5522784046 -0.6872220717 0.4929373859 0.4383901088 -0.7486658827 -0.6796981137 0.5027323561 0.4946938899 -0.5246586208 -0.6835900728 0.528442187 0.4564882911 -0.1122933026 -0.6771749346 0.5379380151 0.4454887413 -0.2861278379 -0.6704668222 0.4994184653 0.5063546351 
-0.2576233474 0.06860195405 -0.7080989677 0.5702628633 0.4531141869 -0.5556966763 -0.7010326739 0.5203755653 0.4498230367 -0.7423041551 -0.6941667791 0.5297717016 0.5052829454 -0.5260816665 -0.698232592 0.5555140056 0.4685309235 -0.1407666341 -0.6923503324 0.5652676818 0.4588315969 
-0.6703855615 -0.2738433816 -0.7177712445 0.5785024575 0.4201578562 0.03803764781 -0.7214475913 0.5978187119 0.4637612169 -0.5585562128 -0.7150511871 0.5474459307 0.4624033345 -0.731075557 -0.7085884043 0.5568465932 0.5151393604 -0.5342984726 -0.7129877672 0.5828890737 0.4809065563 
-0.636182537 -0.6718916371 -0.7368185059 0.5828654061 0.4346670262 -0.2894353461 -0.7309058332 0.6060708447 0.4325639311 0.006805807407 -0.7350353565 0.6250252366 0.4757229774 -0.5580088057 -0.7290366425 0.5745616737 0.4741809467 -0.729257127 -0.7231369209 0.5842251036 0.525558549 
-0.1948303499 -0.6389078664 -0.7462232102 0.588765201 0.4823149874 -0.6700801977 -0.7495316036 0.6104404325 0.4462986738 -0.3050184983 -0.7442940326 0.6332918781 0.4459101394 -0.02551104299 -0.7486034434 0.6523202929 0.4869038104 -0.564662656 -0.7431770981 0.601985945 0.4863194131 
0.03283360151 -0.2132888001 -0.7646629833 0.638285254 0.4746042746 -0.6385385383 -0.758728194 0.6163492053 0.491403424 -0.667473781 -0.7625268053 0.6376691485 0.4590353728 -0.3192091324 -0.7576687525 0.6606060416 0.45842672 -0.05823269841 -0.7623534277 0.6799454267 0.4985082196 
-0.4430982702 0.006259490893 -0.7818492672 0.6853381796 0.4557779095 -0.2315283226 -0.7767599189 0.665944615 0.4841042707 -0.6374393774 -0.7715293507 0.64358831 0.5021385012 -0.6605950412 -0.7755207347 0.6649934294 0.4709638847 -0.3375531414 -0.7712378313 0.6882525788 0.4712264887 
-0.6515690401 -0.4527065792 -0.7899471765 0.6870136439 0.4639433301 -0.02157908787 -0.7935658927 0.713069143 0.4662827632 -0.2498786311 -0.7891806121 0.6932709174 0.4951632637 -0.632306525 -0.7843352624 0.6709262722 0.5121358012 -0.6622269024 -0.7887335628 0.6926513 0.4832373911 
-0.5142717539 -0.6537458784 -0.8057960168 0.6918396912 0.4540809428 -0.4604783148 -0.8014846057 0.7147471568 0.4740123543 -0.04996207134 -0.8056319853 0.7404782989 0.4781326246 -0.2672745226 -0.801617878 0.7207237138 0.5054730854 -0.6353232174 -0.7973721895 0.6985994682 0.5226810678 
-0.1696549387 -0.5213429031 -0.8135984083 0.701791836 0.4983779183 -0.6527278051 -0.8169827319 0.7195805482 0.4646763722 -0.4678879744 -0.8133836162 0.7421592631 0.4855191982 -0.07897902871 -0.8177256652 0.7680402083 0.4892054946 -0.2881609297 -0.8143099166 0.7485255443 0.5162980273 
-0.08155164059 -0.1890108304 -0.8288036874 0.7335097858 0.5026491675 -0.5261137321 -0.8246124666 0.7295478376 0.5066089956 -0.6509505932 -0.8285547369 0.7470011524 0.4765975207 -0.472611074 -0.8253154036 0.7697250578 0.4962611169 -0.1090832214 -0.8300962599 0.7959642647 0.5007132879 
-0.4494718301 -0.1040481984 -0.8426900766 0.79121905 0.4582663778 -0.2083118306 -0.8394812726 0.7613140538 0.5106522668 -0.5303869249 -0.8360234868 0.7569859661 0.5166692923 -0.6450323394 -0.8401696762 0.7745781384 0.4877391702 -0.4834454705 -0.8375345389 0.7976534664 0.5074727421 
-0.3267361743 -0.4588529374 -0.8491805691 0.8127802829 0.4544434122 -0.1270639215 -0.8530603741 0.8191111366 0.4686384095 -0.2277715669 -0.8505785659 0.7888080331 0.5205331345 -0.5314769866 -0.8474824416 0.7845860306 0.5260155483 -0.6474260545 -0.8520923826 0.8025190833 0.4993085142 
-0.3989348062 -0.340492506 -0.8614505478 0.8216454543 0.4620850873 -0.4663559429 -0.8594072405 0.84070518 0.4650194947 -0.1504061862 -0.8638711527 0.8467067337 0.4803837339 -0.2464525327 -0.8617335386 0.8164816497 0.5297062732 -0.5394296712 -0.8592592159 0.8125528274 0.535978196 
-0.2894083358 -0.4101174341 -0.8703712779 0.8435057064 0.5003776609 -0.3531704479 -0.8714057005 0.8495838419 0.4722532953 -0.473484733 -0.8700841023 0.8683387434 0.4769254164 -0.1735843693 -0.8747485104 0.8745141748 0.4913557443 -0.268358256 -0.8732259207 0.8445308379 0.5395139984 
-0.7454762231 -0.3044953133 -0.8761332582 0.8760960484 0.482203377 -0.4197512457 -0.8801290264 0.8714773596 0.5085020018 -0.3657079421 -0.8818293988 0.8772330156 0.4838382013 -0.4778824954 -0.8808317028 0.8961961837 0.4880523748 -0.1990572682 -0.8859811683 0.90271327 0.5027732782 
-0.5286173319 -0.7443055011 -0.8867922375 0.8748523394 0.4885304846 -0.3187471188 -0.8857635016 0.9041172956 0.4912977708 -0.429107097 -0.8903686654 0.8991650261 0.5184782923 -0.3763707242 -0.8923316994 0.9051110137 0.4946554361 -0.4884588355 -0.8919429657 0.9244512869 0.4996085716 
-0.3397062898 -0.5351770965 -0.8971958125 0.8978198778 0.5383547441 -0.739327994 -0.8961866116 0.9028716941 0.4972871688 -0.332929573 -0.895884255 0.9318623491 0.5020375365 -0.4360845128 -0.9006926238 0.927093717 0.527743497 -0.3919164544 -0.9032134706 0.9333891453 0.5059344616 
-0.02147779489 -0.3530002688 -0.9020543214 0.9068393364 0.5505603069 -0.539343069 -0.906359969 0.925874183 0.5444520574 -0.7334124887 -0.9060874407 0.9306145575 0.507761142 -0.3454977479 -0.9060930206 0.9598666151 0.5120393602 -0.4487070243 -0.9114075461 0.9554286333 0.5376336121 
-0.4676667215 -0.0461158377 -0.911211302 0.9538396226 0.5404372471 -0.3651313482 -0.9111109655 0.934907367 0.5560061481 -0.5429840821 -0.9160461437 0.9536574891 0.5528329855 -0.7227007594 -0.9160831133 0.9586159394 0.5175065227 -0.3625548285 -0.9167001736 0.9882861889 0.522588675 
-0.3209968349 -0.4763992256 -0.9191086056 0.9787774481 0.5282176234 -0.07166447049 -0.920065314 0.9819791754 0.5464234068 -0.3770972765 -0.9206968957 0.962706555 0.5638743382 -0.5433418764 -0.9258338293 0.9817121314 0.5605589472 -0.7212923078 -0.926490906 0.9870322826 0.5278263469 
-0.3828987133 -0.33495776 -0.9228133725 1.019698459 0.5277445892 -0.483135075 -0.9277878605 1.00695495 0.5348560058 -0.09765406412 -0.9294623104 1.009861124 0.554716852 -0.3870980014 -0.9303874505 0.9907821129 0.5711055982 -0.5507137292 -0.9360470385 1.010188136 0.569071595 
-0.2030970803 -0.3946529885 -0.9291283248 1.027907657 0.5288835244 -0.3478776912 -0.9314106457 1.047938232 0.5344082198 -0.4894620542 -0.9370219137 1.034880811 0.5436627797 -0.1238987059 -0.9389698 1.038045673 0.5623584081 -0.4021185902 -0.9405097886 1.019281546 0.5791755378 
0.2384153011 -0.2212608419 -0.932160972 1.060606727 0.5254046637 -0.4049629342 -0.9375858564 1.056159922 0.5354863643 -0.3606681061 -0.9405682593 1.075936149 0.5432348652 -0.4929310616 -0.9463715213 1.063123189 0.5517996074 -0.1518039084 -0.9489208703 1.066667196 0.5707955214 
-0.7713609066 0.2045127081 -0.9370167627 1.121176422 0.4860905354 -0.2391518121 -0.940551395 1.088908752 0.5321931879 -0.4150254626 -0.9466131751 1.084172294 0.5442651647 -0.3716238518 -0.9498438017 1.104273421 0.5513908654 -0.5027707168 -0.9561748844 1.09180949 0.5606799388 
-0.779873022 -0.7692674593 -0.9405978565 1.111282043 0.5093944234 0.168006133 -0.9452997334 1.149570618 0.494977452 -0.257137823 -0.9495161418 1.116978702 0.5411181301 -0.4228214379 -0.9557624697 1.112528603 0.5523750029 -0.3874019595 -0.9595778726 1.13306602 0.5602883542 
-0.5802205597 -0.7774761387 -0.9424323553 1.108386733 0.5596101004 -0.7631985693 -0.9488015823 1.139661182 0.5170374945 0.1305635933 -0.9541642918 1.177747223 0.5055539239 -0.2741117407 -0.9586048081 1.145410838 0.5493689695 -0.4360932277 -0.9653784288 1.141342526 0.5612311814 
-0.260319582 -0.584940796 -0.945182649 1.117265807 0.5898257638 -0.7710483502 -0.950595486 1.136761466 0.5645729086 -0.75614238 -0.9575922528 1.167820365 0.5266350038 0.09105275463 -0.9631558818 1.206319817 0.5153981978 -0.2946634398 -0.9681640461 1.174309702 0.5583513298 
-0.1870409134 -0.2764435021 -0.9483636063 1.161077128 0.5932398876 -0.5869310078 -0.9532849193 1.145654052 0.5931758103 -0.7636170497 -0.9593483058 1.16491555 0.57206093 -0.7441093717 -0.9665122499 1.196370014 0.5355347516 0.05262485485 -0.9726242994 1.235376017 0.5258065214 
-0.4138543149 -0.2057770379 -0.9495202198 1.212741421 0.6296868638 -0.2919217845 -0.9563954861 1.189532042 0.5964077052 -0.5882979744 -0.9619809929 1.173823771 0.5993945154 -0.7511495419 -0.9682316278 1.193458485 0.5789253943 -0.7416528865 -0.9759136885 1.225400513 0.5450978195 
0.1259669955 -0.4245050991 -0.9506169383 1.227555466 0.5889662818 -0.2243449885 -0.9575265053 1.241274955 0.6309093233 -0.3073861193 -0.9650259278 1.217778907 0.6024829879 -0.5860216911 -0.9708093314 1.202387296 0.6050343135 -0.7483484135 -0.9775987549 1.222481463 0.5866670888 
-0.08189740074 0.09607290826 -0.9506598816 1.285643057 0.5659735983 -0.4335098554 -0.9585989549 1.256111543 0.5923622032 -0.2430385612 -0.9661330828 1.269612793 0.6354535212 -0.3214391246 -0.973790673 1.246444027 0.6079844087 -0.5913042034 -0.9801250183 1.231433338 0.6116800553 
0.4499278189 -0.1043816331 -0.9500290469 1.29030727 0.5283856591 0.06430752124 -0.9586409478 1.314287528 0.5705967547 -0.4422082351 -0.9671829041 1.284475467 0.5986170139 -0.260832063 -0.9748747051 1.29839772 0.6394777156 -0.3396739669 -0.9830468648 1.275603875 0.6145063167 
0.2423180619 0.4084853245 -0.9481604795 1.37163041 0.5356067454 -0.1273827778 -0.9580240727 1.318958839 0.5350150726 0.03182034355 -0.967224011 1.342753736 0.5778174548 -0.4484240872 -0.9759026009 1.313294747 0.6042916476 -0.2820338532 -0.9841092642 1.327691772 0.6446776548 
-0.3770289477 0.2082763451 -0.9438968496 1.414801154 0.4061215073 0.3630606904 -0.9561968543 1.400405732 0.5418507332 -0.1507098056 -0.9666201517 1.34743326 0.5438147875 -0.001950591357 -0.9759428493 1.371707718 0.5844240012 -0.4604425292 -0.9851166475 1.342627281 0.6109685636 
-0.549237961 -0.3889924657 -0.9414207787 1.406311852 0.437099923 0.1716052168 -0.9520275729 1.443642171 0.4192767726 0.3162972356 -0.964831487 1.429023351 0.5503471008 -0.1738703393 -0.9753516017 1.376398058 0.5519448046 -0.03582562113 -0.9851560927 1.401191141 0.5919348851 
-0.1748714655 -0.5550626509 -0.9366645268 1.404912641 0.4928586351 -0.3995498998 -0.9496062942 1.43513995 0.4486017147 0.1339906906 -0.9607501761 1.472335807 0.4332126275 0.2659897781 -0.9736002931 1.458176733 0.5581844412 -0.199329239 -0.9845766439 1.405893597 0.5608190412 
-0.05403780267 -0.194041401 -0.9318041719 1.440701678 0.5166039596 -0.5583591902 -0.944955292 1.43373861 0.5013843042 -0.4098710966 -0.9583799856 1.463818638 0.4612362112 0.09428063617 -0.9696042202 1.501589299 0.4462981132 0.218998041 -0.982860284 1.487883519 0.5667967617 
-0.5245439344 -0.07751516122 -0.9289494887 1.463401357 0.4767258516 -0.2131224553 -0.9402024905 1.469582108 0.5238622215 -0.5610914953 -0.953827118 1.462414834 0.511676458 -0.417966693 -0.967283531 1.493052444 0.4730661158 0.05569471922 -0.978943956 1.531408227 0.4596069945 
0.04687366105 -0.5312489056 -0.9243231516 1.474171478 0.5273348739 -0.1016909577 -0.9374109777 1.49231633 0.4861126085 -0.2323523101 -0.9491745991 1.498321352 0.5331568686 -0.5603967133 -0.9628257498 1.491645396 0.5212464152 -0.4314761412 -0.9766695781 1.52284932 0.4852513785 
-0.03045056264 0.01979905681 -0.9210784881 1.488711973 0.4920802979 -0.5355866258 -0.9328870154 1.50310284 0.534020373 -0.1262456997 -0.9464419862 1.521095545 0.4970824772 -0.2507669993 -0.9582703985 1.527634906 0.5417644079 -0.5669336664 -0.9723007555 1.521438637 0.5314092529 
0.01989104276 -0.05476874833 -0.9137936416 1.513359804 0.5216828734 -0.008631496744 -0.9297141521 1.517665462 0.5006475108 -0.5394071451 -0.9420134781 1.53190102 0.54286423 -0.1508283217 -0.9555948561 1.550461738 0.5073063096 -0.2724615129 -0.9678363098 1.557521114 0.5510659786 
-0.05918481892 -0.006221697445 -0.905398982 1.562560297 0.5034177206 -0.0799390599 -0.9225905098 1.542350801 0.5286700482 -0.03763319632 -0.9389075611 1.546489245 0.5109723614 -0.5399728653 -0.9512588372 1.561292188 0.5510368362 -0.1774152164 -0.9652141601 1.580406911 0.5180542997 
