# Thu Feb 29 20:47:19 2024

# input dimensionality
6

# covariance function
CovSum(CovSEard, CovNoise)

# log-hyperparameter
0.6846891068 1.697847332 2.193971708 1.341528543 3.711961129 4.600555535 0.8391210902 -2.693371702 

# mean for input values
-0.09330785976 -3.99903541e-06 3.916120299 -6.371657425e-07 1.132017978e-06 -2.382782622e-05 
# std_dev for input values
0.00308196591 0.0004594377803 0.01958337192 0.0007166411456 7.307466661e-05 0.002872424967 

# mean and std_dev for target values
-0.09330937418 0.003082137164

# data (target value in first column)
-0.1019909981 -0.0695980846 -0.07731863737 0.1401844968 0.0008891001395 -0.01549125066 0.008295369416 
-0.3820908525 -0.1024880474 -0.07422210601 0.1393671557 -0.14055651 0.003977377281 0.002722971571 
-0.9520732637 -0.382603466 -0.09402323604 0.1436999781 -1.20376706 -0.1399856569 0.03783531331 
-2.080936306 -0.9526175491 -0.179074367 0.1849429426 -2.450496762 -0.5502279062 0.2894781059 
-2.508024583 -2.081543319 -0.3605877119 0.2952698483 -4.854135982 -1.15670875 0.7604726597 
-3.112041857 -2.508655328 -0.6530056416 0.4933206152 -1.835936288 -1.853992208 1.358548856 
-3.259530925 -3.112706164 -1.026247653 0.7734222404 -2.596874226 -2.362152403 1.917948142 
-3.433808618 -3.260203428 -1.439688393 1.102239769 -0.6334333103 -2.61489135 2.250079236 
-3.095509268 -3.434490805 -1.84726705 1.444014608 -0.7486460849 -2.578035044 2.33841848 
-2.667404204 -3.096172657 -2.207395456 1.759426503 1.455850214 -2.279704054 2.158683462 
-1.481699807 -2.668043805 -2.514655054 2.033961405 1.842087495 -1.947305298 1.879995813 
-1.241641984 -1.482273522 -2.732242067 2.239812356 5.100378029 -1.383512469 1.411728281 
0.02653485769 -1.24220236 -2.817029136 2.343739445 1.033332103 -0.5485676811 0.7168405399 
0.7725486771 0.02604495016 -2.793199745 2.348084609 5.455076317 0.1343297874 0.03791945621 
1.280488182 0.772100223 -2.639467154 2.150574793 3.209352543 0.9510620493 -1.338270074 
2.029332606 1.280067952 -2.216087601 1.741273426 2.18544023 2.646396528 -2.782204289 
2.543367072 2.028953987 -1.830709337 1.569219696 3.221526436 2.407473404 -1.164717756 
3.053864304 2.543017016 -1.615513863 1.173158464 2.211653497 1.337493792 -2.691936835 
3.416676388 3.053542615 -0.8902878322 0.73107998 2.196440531 4.544177005 -3.005669302 
3.315129498 3.416374859 -0.1050423072 0.002329617719 1.561274816 4.921533818 -4.96011618 
3.443258749 3.314822326 0.3971859079 -0.724927771 -0.4358447447 3.14213679 -4.949937513 
3.025173922 3.442958697 0.8483230025 -0.9428668519 0.551948622 2.820914783 -1.477550954 
3.084609303 3.024850639 1.438155134 -1.163027282 -1.797214163 3.692923414 -1.49269548 
2.757914184 3.084289322 1.787601505 -1.748855495 0.2565093604 2.181561056 -3.985713841 
2.522715611 2.75757605 2.073805806 -2.102296194 -1.404164424 1.783943147 -2.401362233 
2.129069158 2.522364407 2.289722815 -2.4022172 -1.010655199 1.342030255 -2.036480274 
1.985119825 2.128696081 2.443396214 -2.642080676 -1.692109365 0.9506899007 -1.627025209 
1.763331687 1.98473875 2.537002608 -2.827726647 -0.6182095823 0.573034374 -1.257385766 
1.336204873 1.762938287 2.574538893 -3.042919603 -0.9529794685 0.2205082847 -1.458828659 
1.177497414 1.335787739 2.560609727 -3.07863441 -1.83610203 -0.1030672246 -0.2351979674 
0.8123171354 1.177071462 2.536808291 -3.080902076 -0.6816814711 -0.1651365288 -0.007164928936 
0.5424627845 0.8118708911 2.454377904 -3.053052267 -1.569681771 -0.5337506686 0.1981674038 
0.3666059734 0.5420015453 2.26193187 -2.989333283 -1.1597031 -1.225445158 0.4427131749 
0.1154873468 0.3661349625 2.091787561 -2.892324464 -0.7554375722 -1.085228922 0.6696737554 
-0.06680456574 0.115002382 1.900354877 -2.767650102 -1.079124316 -1.219073992 0.8582895086 
-0.1766718637 -0.06729965982 1.685829166 -2.617906202 -0.7831137187 -1.364265335 1.029206458 
-0.2787015738 -0.1771730627 1.456017533 -2.357573022 -0.4716292364 -1.460371553 1.783172536 
-0.3337825944 -0.2792084423 1.226749479 -2.174303009 -0.4379212632 -1.456953946 1.257777898 
-0.5274619405 -0.3342925235 0.9920627808 -2.075312875 -0.2360038854 -1.491022246 0.6831817962 
-0.6052168373 -0.5279826318 0.6517181223 -1.693500555 -0.8320889033 -2.155318932 2.611382567 
-0.5507256985 -0.6057418491 0.3078057499 -1.693529012 -0.3335199115 -2.177749997 0.00810136053 
-0.6554157189 -0.5512476824 -0.01490643946 -1.496900446 0.2352451167 -2.044459412 1.348852696 
-0.5224791939 -0.6559435201 -0.1125590659 -1.101422522 -0.4493627512 -0.6294565005 2.704550747 
-0.4959672184 -0.5229996082 -0.2103549837 -1.010545697 0.5726237915 -0.6303574071 0.6278675747 
-0.4823677008 -0.4964861596 -0.3784524328 -0.8370691988 0.1149120605 -1.072359827 1.191008518 
-0.4472118711 -0.4828858864 -0.5268996889 -0.6809761399 0.05937803649 -0.9488143977 1.072493203 
-0.4121862718 -0.4477281031 -0.6668568122 -0.5313746716 0.1520876326 -0.8954349173 1.028235395 
-0.4477501215 -0.4127005576 -0.7824761378 -0.3989126959 0.1515275357 -0.7424174041 0.9113832361 
-0.3484813445 -0.4482663834 -0.9709054905 -0.1673049125 -0.1520642479 -1.200191332 1.587330997 
-0.2921508158 -0.3489920904 -0.9709054905 -0.1163138891 0.4278252151 -0.01549125066 0.3559375833 
-0.2543417548 -0.2926584316 -1.099179868 -0.02226701936 0.2431559825 -0.8219827191 0.6494800302 
-0.2583894147 -0.2548472697 -1.157625113 0.05757372665 0.1634986749 -0.3829503844 0.5526267415 
-0.2021664126 -0.2588951545 -1.181822357 0.1853836873 -0.01651911445 -0.1676250674 0.8796671279 
-0.1835427809 -0.2026690283 -1.20033315 0.1853858466 0.2426935308 -0.1318730056 0.008310091011 
-0.1404280327 -0.1840443617 -1.204136759 0.2619598636 0.08098579526 -0.03940543924 0.5303551171 
-0.1198212409 -0.1409272178 -1.208651203 0.301542972 0.1863174257 -0.04387463426 0.2781616815 
-0.1151352628 -0.1203192809 -1.203111889 0.3349336638 0.0895149897 0.01933573265 0.2359435566 
-0.08152752375 -0.1156330425 -1.19147213 0.3825183387 0.02104259982 0.05769067556 0.3327140737 
-0.06876790981 -0.08202343594 -1.174990286 0.3825170582 0.145429589 0.08813401793 0.008286639763 
-0.06469174258 -0.06926311299 -1.155629656 0.4006217603 0.05576577108 0.1062336286 0.1317280503 
-0.04416018115 -0.06518671926 -1.104025059 0.4236158454 0.01841991954 0.3089591029 0.1650624655 
-0.02119533318 -0.04465401697 -1.074287557 0.4310009875 0.08919143793 0.1714754867 0.05864515594 
-0.01166217135 -0.02168789291 -1.041218213 0.4345768948 0.09965654023 0.1924235639 0.0326748826 
-0.01445188475 -0.01215420137 -1.005535712 0.4358110282 0.04188941462 0.2088531056 0.01670933811 
-0.02308189459 -0.01494406977 -0.9687097725 0.4341801777 -0.01110892617 0.2160421763 -0.002823303058 
-0.02518581518 -0.02357455916 -0.9330649891 0.4325166597 -0.03622692959 0.2086159666 -0.00304602069 
-0.01650331438 -0.02567859665 -0.898544207 0.4314498364 -0.008159461854 0.201549103 0.001022073219 
-0.01016620895 -0.01699561339 -0.8634590216 0.4300975954 0.03823088349 0.2050976406 -0.0009238225607 
-0.01004546237 -0.01065815584 -0.827244639 0.4272224462 0.02814378438 0.2121971721 -0.01130657579 
-0.01687834761 -0.01053740255 -0.7902451869 0.4232810001 0.001408408214 0.21713309 -0.01857628256 
0.003154461317 -0.01737066747 -0.7358674108 0.4183462702 -0.02849783873 0.3263947396 -0.02534820799 
0.001160059138 0.002663254616 -0.7000880473 0.414100565 0.08704639836 0.2094621028 -0.02065063408 
-0.00680041454 0.0006687416151 -0.6810810952 0.4094385871 -0.007688444023 0.1040099708 -0.02348866273 
-0.009655131952 -0.007292174399 -0.6437491847 0.4027217142 -0.03334738198 0.2192233349 -0.03749834879 
-0.03917291864 -0.01014705044 -0.608325235 0.394441202 -0.01138849609 0.207227532 -0.04815879513 
-0.04640755436 -0.03966647733 -0.5593187744 0.3894282873 -0.1260612821 0.2926240035 -0.02588124916 
-0.06824371907 -0.04690151505 -0.5168447906 0.3894269137 -0.03022569104 0.2515527707 0.00828600442 
-0.0517549634 -0.06873889312 -0.5036727435 0.3892712626 -0.09302408806 0.06732453719 0.007234184746 
-0.05888891304 -0.05224922123 -0.4913219533 0.3907512194 0.07180409984 0.06216109979 0.01838529166 
-0.05855314689 -0.05938356728 -0.4651878014 0.3907878734 -0.02979265941 0.1488203682 0.008545266241 
-0.0480030494 -0.05904778247 -0.4398146101 0.3913518669 0.002333166481 0.1440360276 0.01214051599 
-0.05265551062 -0.04849709875 -0.3894903854 0.3920162099 0.04626306134 0.3009090993 0.01282466986 
-0.07963580756 -0.05314981849 -0.3510181086 0.3900769237 -0.01912025003 0.2263930885 -0.004926129499 
-0.1135487545 -0.08013161464 -0.3248220912 0.3889421276 -0.1151480217 0.1492093312 0.0005586543449 
-0.1513987711 -0.114046446 -0.3043021143 0.3865015746 -0.1449640298 0.1135227164 -0.008343622732 
-0.1563427881 -0.1518985658 -0.2888453291 0.3881963224 -0.1618966171 0.08168922824 0.01984967513 
-0.1591130824 -0.1568428575 -0.2767454762 0.393346079 -0.02037417579 0.06058339729 0.04340493676 
-0.1467777057 -0.1596133057 -0.2653595683 0.4041276008 -0.01102540819 0.0560946558 0.08180070172 
-0.1080698062 -0.1472772436 -0.2586318011 0.4094520817 0.05394120747 0.02680781956 0.04459615771 
-0.0558173689 -0.1085671933 -0.2436283593 0.4094519738 0.1673644081 0.07883895011 0.008294633259 
0.03353178072 -0.05631185246 -0.2108178113 0.4119577888 0.2256168875 0.1907964553 0.02537929995 
0.1210335171 0.03304226198 -0.1766764711 0.3992971307 0.3851627862 0.1991634619 -0.07802137676 
0.1256596398 0.1205488605 -0.1264873163 0.3612467817 0.3772174134 0.3000598831 -0.2511210282 
0.07857330077 0.1251752403 -0.07623388358 0.3320443935 0.02078517348 0.300464013 -0.1907981616 
0.01266550945 0.07808628484 -0.05178639761 0.3179472678 -0.2016202818 0.1382158986 -0.08781480172 
0.06818486907 0.01217483124 0.008157715038 0.2865612415 -0.2825677657 0.361391619 -0.2056855814 
0.03291914631 0.06769727589 0.05413044773 0.2740737904 0.2396672985 0.2735502358 -0.07684050101 
-0.00704338173 0.03242959353 0.06913708628 0.2597600011 -0.1507820611 0.07885904916 -0.08929195228 
-0.02441846527 -0.00753515509 0.08302968244 0.2541271796 -0.1709821266 0.07185480011 -0.03010759658 
-0.05881708717 -0.0249112041 0.1263394987 0.245725975 -0.07383782705 0.2568078476 -0.04898164034 
-0.005424720442 -0.05931173742 0.1263394987 0.2414601587 -0.1470528253 -0.01549125066 -0.02078774677 
-0.01274905095 -0.005916403859 0.1593836812 0.2387041467 0.2305195069 0.192265371 -0.0104943316 
-0.06764113495 -0.01324114136 0.1695552173 0.2338485861 -0.0306114513 0.04845961202 -0.02480845453 
-0.0444340087 -0.06813627552 0.1932052794 0.2254542456 -0.2351913052 0.1332023056 -0.04893484298 
-0.04732148328 -0.04492785973 0.2095328426 0.2231787715 0.100698533 0.08716401612 -0.007218162331 
-0.0984632873 -0.04781549475 0.2260786212 0.2259608166 -0.01152937841 0.0885359879 0.02726255686 
-0.1174202366 -0.09896014055 0.2379365809 0.2269350538 -0.2190620648 0.05906255793 0.01493744013 
-0.2702166912 -0.1179181432 0.2494649985 0.2280971411 -0.0806411304 0.05699064811 0.0162181482 
-0.2894748029 -0.2707230882 0.2502691571 0.2379483241 -0.6562593684 -0.01043531458 0.07545791782 
-0.2982131376 -0.28998227 0.2378506229 0.2582093131 -0.08193637288 -0.0935695238 0.146428998 
-0.1495419601 -0.2987210903 0.2161946797 0.2975880413 -0.03669281403 -0.1516473077 0.276768276 
-0.1745586331 -0.1500416516 0.1989843604 0.3149658121 0.640295537 -0.1236966149 0.1267720409 
-0.1985276317 -0.1750597147 0.1955462032 0.3149655155 -0.1067028489 -0.03710776141 0.008293347527 
-0.1338459332 -0.1990300452 0.1991994374 0.3195870056 -0.1021970008 0.007477500064 0.03980336677 
-0.03430533744 -0.1343447525 0.2041923341 0.3252726711 0.2790727742 0.01590027649 0.047058611 
-0.07574667695 -0.03479862565 0.2205151672 0.3223537375 0.4289942563 0.08713427676 -0.01160508543 
-0.2766275659 -0.07624226792 0.2416660756 0.3094675873 -0.1773422133 0.1174895327 -0.07955871718 
-0.33973618 -0.2771343191 0.2537505307 0.3050218872 -0.863061368 0.06048658781 -0.02201414195 
-0.3790939227 -0.34024644 0.2405674627 0.308548872 -0.2705290374 -0.09837632899 0.03234134295 
-0.2879264333 -0.3796063696 0.2019925704 0.3292887988 -0.1683810598 -0.2580207579 0.1496942583 
-0.1447018183 -0.2884338144 0.1800480534 0.3533317258 0.3929831193 -0.15346164 0.1722131696 
-0.04873232979 -0.1452012408 0.177493835 0.3721654582 0.6168709085 -0.03155022832 0.136698371 
0.1503008095 -0.04922641967 0.1826860472 0.3725789553 0.4136356036 0.01715342021 0.01111447373 
0.2090416407 0.1498177792 0.2185188349 0.3618218536 0.8568927489 0.209797994 -0.06504347303 
0.2808494425 0.2085618745 0.3004007571 0.3138159689 0.2535222346 0.4993198367 -0.318995023 
0.200378522 0.2803736664 0.3346667745 0.2339510125 0.3097207881 0.1999473372 -0.5362010625 
0.03470603796 0.1998982744 0.3690094367 0.2040119597 -0.3452010125 0.2004292211 -0.1958205301 
0.04979113929 0.03421658448 0.4302869794 0.1343072094 -0.7116367201 0.3697752101 -0.4669316825 
0.02967866561 0.04930252403 0.4599447341 0.1149579355 0.06576724968 0.1709740953 -0.123622446 
0.06023056228 0.02918893277 0.4914530522 0.09959316817 -0.085610821 0.1826090271 -0.09645722006 
0.09262899595 0.0597425271 0.5141565882 0.08313924924 0.1322869926 0.1272512711 -0.1038827441 
0.1814528968 0.09214276104 0.5345084312 0.06217702752 0.1402285967 0.1124656186 -0.1346190631 
0.1879601292 0.1809715975 0.5533698938 0.04435161707 0.3829037913 0.1030952433 -0.113233181 
0.1708409691 0.1874791915 0.5855023339 0.0234020091 0.02887546818 0.1865330299 -0.1345330662 
0.1075335382 0.1703590802 0.6205869454 -0.007741098906 -0.07273714903 0.2050940326 -0.2040294341 
0.0754259757 0.1070481315 0.6503372715 -0.03479554057 -0.2713841105 0.1715561131 -0.1761540763 
0.04446683344 0.07493878488 0.6767194796 -0.05524050977 -0.137199415 0.1503799564 -0.1310925834 
-0.02006583066 0.04397792233 0.6832954846 -0.06962703619 -0.132260278 0.02585365403 -0.08978785322 
-0.08544337335 -0.02055832763 0.6842340187 -0.0691492611 -0.2766536052 -0.009590463934 0.01155270338 
-0.1433367786 -0.08593950313 0.6728305542 -0.06914913677 -0.2802872672 -0.0871875397 0.00829621705 
-0.1991053304 -0.1438361253 0.6523229963 -0.05685663741 -0.2480994165 -0.1444271363 0.09210211442 
-0.1176914302 -0.199607776 0.6245123204 -0.03671835198 -0.2389608265 -0.1903435737 0.1455924399 
-0.04932201571 -0.1181893519 0.5944892165 -0.01037650129 0.351034789 -0.2042536338 0.1878865738 
0.04422408924 -0.04981613835 0.5794517744 0.01784285188 0.2949329385 -0.1100352196 0.2006868487 
-0.04581327228 0.04373516463 0.5796166188 0.03741347064 0.4032130922 -0.01445483486 0.1417222509 
-0.1151733184 -0.04630719995 0.5938278241 0.0299653453 -0.3863444543 0.07385797116 -0.04248381895 
-0.3433149283 -0.1156711002 0.6028936851 0.02381520757 -0.2974152564 0.04150797025 -0.03363451074 
-0.534112338 -0.3438253871 0.5662537652 0.03889687143 -0.9803045401 -0.2458551272 0.1111178403 
-0.6939333542 -0.5346333988 0.5053907455 0.06825001008 -0.8196942435 -0.3981515069 0.2084166738 
-0.795085368 -0.6944632957 0.4222926336 0.1233977519 -0.6864706705 -0.5379488114 0.3842769013 
-0.7938456654 -0.7956209302 0.4222926336 0.1959330619 -0.4341464584 -0.01549125066 0.5028203677 
-0.7468167714 -0.7943811587 0.2219743078 0.2808753667 0.006220825216 -1.27494013 0.5874077105 
-0.6859331104 -0.7473496514 0.2219743078 0.3647350604 0.2031514219 -0.01549125066 0.5800267775 
-0.4656423858 -0.6864626073 0.06213986168 0.4671074729 0.2627381377 -1.020408365 0.7062411993 
-0.3068765965 -0.4661596419 0.03306026881 0.5142846469 0.9483175773 -0.1983215558 0.3299358494 
-0.2244396964 -0.3073850305 -0.0001556089022 0.5355355381 0.683710541 -0.2243273608 0.1531778679 
-0.03089751585 -0.2249435497 -0.002810859217 0.5376849698 0.3554345165 -0.03218543987 0.0229495801 
0.04662025773 -0.0313906147 0.02278894213 0.5200610522 0.8332771805 0.1454607789 -0.1118594608 
0.1614313806 0.04613146627 0.07119369979 0.4878389577 0.3342782898 0.2888409543 -0.211385655 
0.2336395519 0.1609489688 0.124512895 0.4354289667 0.4946698867 0.3197391903 -0.3490209603 
0.1530975308 0.2331611524 0.1923659215 0.3782204918 0.311442701 0.4111168381 -0.3817356512 
0.135402812 0.1526146559 0.2583676459 0.3083106217 -0.3455068025 0.3994772625 -0.4683301308 
0.02907951634 0.1349189539 0.3125852956 0.2396403427 -0.07521251731 0.325387987 -0.4598789535 
-0.04180400681 0.0285897502 0.3519094414 0.1538936568 -0.4563871572 0.2317489908 -0.5763010117 
-0.07716725176 -0.0422977117 0.3734945324 0.1187292071 -0.3039674412 0.1202193419 -0.2314457912 
-0.03975081906 -0.07766292166 0.3809610684 0.09136944691 -0.1512014855 0.03145263436 -0.178235651 
0.004909132475 -0.04024440986 0.3793771626 0.07643426811 0.1618100554 -0.02544964274 -0.0935284082 
-0.06237749972 0.004418023275 0.3840238643 0.06327862519 0.1929630513 0.01372366606 -0.0813960415 
-0.1208753609 -0.06287234781 0.3847809188 0.04844882639 -0.2884978978 -0.01073146907 -0.09280995751 
-0.03957503615 -0.1213734595 0.3692279681 0.03106680767 -0.2506990663 -0.1132763447 -0.1102102631 
0.04547440751 -0.04006861719 0.3619565859 0.02395275002 0.3505463222 -0.06120815718 -0.04020624103 
0.04359003552 0.04498555238 0.3690383583 0.02032118916 0.3666705693 0.02903353429 -0.01646357388 
0.08511165451 0.04310107568 0.3756748262 -0.01480520077 -0.007215225142 0.02623379863 -0.2311863111 
0.01322970197 0.08462500189 0.3890786498 -0.03613696036 0.1794656803 0.06878177115 -0.1371384666 
-0.04141634681 0.01273905511 0.3911933583 -0.05753713926 -0.308261496 -0.002195576305 -0.13760493 
-0.1273161188 -0.04191003016 0.3938376174 -0.07109406109 -0.2341331545 0.001133833976 -0.08413184632 
-0.1059005445 -0.1278145753 0.3847758314 -0.08377558106 -0.3685494692 -0.07246485092 -0.07816360688 
-0.156563996 -0.106397811 0.3612591389 -0.07639480761 0.09299340913 -0.16334628 0.05861537193 
