# Thu Feb 29 20:47:19 2024

# input dimensionality
6

# covariance function
CovSum(CovSEard, CovNoise)

# log-hyperparameter
0.5725856551 1.920922121 1.743924218 1.305934762 3.383057925 4.226938717 0.704939525 -2.718989583 

# mean for input values
-0.09330383286 -3.807317499e-06 3.916087681 -6.371657425e-07 1.132017978e-06 -2.382782622e-05 
# std_dev for input values
0.003080179098 0.0004592145546 0.01962111894 0.0007174313302 7.293644383e-05 0.002842993428 

# mean and std_dev for target values
-0.09330534728 0.003080352431

# data (target value in first column)
-0.1033573754 -0.0709458165 -0.07777371314 0.141577227 0.0008881208774 -0.01552060833 0.008381245621 
-0.3836195175 -0.1038548587 -0.07467567654 0.1407614583 -0.1404016999 0.003984914859 0.002751160606 
-0.9309329808 -0.3841327723 -0.09448643196 0.1450859452 -1.202441222 -0.1402509455 0.03822699606 
-2.083449269 -0.931477035 -0.1795789066 0.1450859517 -2.349048781 -0.5512706501 0.008381290793 
-2.510784998 -2.08405818 -0.3611804857 0.296364226 -4.947538581 -1.158900843 1.052438887 
-3.115152234 -2.511417956 -0.6537405607 0.4940339836 -1.833914173 -1.857505732 1.372612969 
-3.262726757 -3.115819203 -1.027164007 0.7735967506 -2.594014008 -2.366628948 1.937803329 
-3.437105425 -3.26340203 -1.440805721 1.101781701 -0.6327356417 -2.619846864 2.273372745 
-3.098610067 -3.437790511 -1.848582503 1.442899036 -0.74782152 -2.582920711 2.362626504 
-2.670256962 -3.099276104 -2.208885969 1.757704143 1.454246728 -2.28402435 2.181030814 
-1.483865577 -2.670898895 -2.516294927 2.031710895 1.840058605 -1.950995661 1.899458105 
-1.243714747 -1.484440747 -2.73398771 2.237165831 5.094760431 -1.386134381 1.426342924 
0.02524294729 -1.244276403 -2.818815993 2.340892986 1.031996133 -0.5496072788 0.7242614957 
0.7716890014 0.02475270078 -2.794975019 2.345229791 5.449265901 0.1345843575 0.03831200705 
1.279922802 0.7712407602 -2.641167699 2.148099942 3.205817737 0.9528644192 -1.352124255 
2.029201101 1.279503161 -2.217582339 1.739585988 2.183033169 2.651411748 -2.811006519 
2.543533394 2.028823625 -1.832016741 1.567863254 3.21797822 2.412035838 -1.176775271 
3.054326405 2.543184862 -1.61671666 1.172563963 2.209217564 1.340028494 -2.719804589 
3.417348699 3.054006617 -0.8911380949 0.731335948 2.194021354 4.552788733 -3.036784911 
3.315742974 3.41704934 -0.1055108596 0.003987552528 1.559555215 4.930860679 -5.011464821 
3.443994119 3.315437897 0.3969614903 -0.7218707415 -0.4353647018 3.148091494 -5.001180782 
3.0256194 3.443696259 0.8483178841 -0.9394093784 0.5515453194 2.826260735 -1.492976945 
3.085089218 3.025297996 1.438436735 -1.159127439 -1.795439315 3.69992192 -1.50801839 
2.758204814 3.08477116 1.788052973 -1.743828638 0.2562268389 2.18569536 -4.026975172 
2.522869968 2.757868362 2.074396398 -2.096589389 -1.402617866 1.78732392 -2.426221871 
2.12899544 2.522520273 2.290418365 -2.395933409 -1.009542056 1.344573553 -2.057562541 
1.984962704 2.12862358 2.444166466 -2.635335436 -1.690245663 0.9524915653 -1.643868672 
1.763046063 1.984582738 2.537818362 -2.820624262 -0.6175286812 0.5741203388 -1.270402609 
1.335671775 1.76265361 2.575372894 -3.035403231 -0.9519298492 0.2209261727 -1.4739309 
1.176872363 1.335255271 2.561436957 -3.07104933 -1.834079733 -0.1032625487 -0.2376328088 
0.8114805013 1.176446923 2.537623951 -3.073312633 -0.6809306616 -0.1654494811 -0.007239102475 
0.5414697987 0.8110344993 2.455153494 -3.045516401 -1.567952911 -0.5347621863 0.2002188934 
0.3655110976 0.5410086023 2.262613912 -2.98192 -1.158425794 -1.227767515 0.4472962773 
0.1142469748 0.3650399993 2.092386895 -2.885097806 -0.7546055271 -1.087285554 0.6766064232 
-0.06815055628 0.1137617368 1.900861155 -2.760663292 -1.07793576 -1.221384275 0.8671747844 
-0.1780815105 -0.06864605841 1.686231162 -2.611207468 -0.7822511909 -1.366850772 1.039861119 
-0.2801703358 -0.1785831988 1.456307817 -2.351375116 -0.4711097801 -1.463139121 1.801632484 
-0.3026223224 -0.2806777691 1.226928315 -2.168457678 -0.4374389332 -1.459715038 1.2707988 
-0.4226769751 -0.3031310192 0.9921275348 -2.06965798 -0.09551139294 -1.493847901 0.6902543034 
-0.6068747798 -0.4231924278 0.6516174337 -1.87906433 -0.5145767406 -2.159403505 1.323776716 
-0.5523520692 -0.607400598 0.3075378843 -1.688608591 -0.789980819 -2.181877079 1.322824912 
-0.6571027462 -0.5528748192 -0.01533117646 -1.492358299 0.2349860159 -2.048333893 1.362816432 
-0.5240891988 -0.6576313909 -0.1130312722 -1.097641194 -0.4488678194 -0.6306493916 2.732549085 
-0.4975618624 -0.5246103583 -0.2108747289 -1.006939197 0.571993099 -0.6315520055 0.6343674521 
-0.4839544655 -0.4980815292 -0.3790538907 -0.8337964322 0.1147854954 -1.07439207 1.203338203 
-0.4487782667 -0.4844733665 -0.5275733074 -0.6780036644 0.05931263704 -0.950612508 1.083595981 
-0.4137323739 -0.4492951882 -0.6675984644 -0.5286899988 0.151920122 -0.8971318674 1.038880002 
-0.418208409 -0.4142473232 -0.7832739929 -0.3964828528 0.1513606421 -0.7438243688 0.9208181544 
-0.3499905364 -0.4187236102 -0.8817139261 -0.2212912138 -0.01833011638 -0.6353074761 1.217478654 
-0.2936273702 -0.3505018988 -0.9717949417 -0.1144277084 0.2937873582 -0.5826789627 0.745907238 
-0.255796403 -0.2941355608 -1.100131674 -0.02056176565 0.2428881685 -0.8235404691 0.6562036464 
-0.259846408 -0.2563024646 -1.158605329 0.05912538308 0.1633185962 -0.3836761186 0.5583477027 
-0.2035908307 -0.2603526976 -1.182814335 0.1866894635 -0.01650092017 -0.1679427358 0.8887737114 
-0.1849564087 -0.2040939546 -1.201334127 0.1866916187 0.2424262262 -0.1321229198 0.008396119618 
-0.1418166801 -0.1854584839 -1.205139584 0.2631183229 0.08089659685 -0.03948011699 0.5358455157 
-0.1211979488 -0.1423163277 -1.209656223 0.3026252814 0.1861122142 -0.04395778164 0.2810412964 
-0.1046145205 -0.1216964362 -1.204114216 0.3359517363 0.08941639717 0.01937237604 0.2383861166 
-0.08288204466 -0.1051120746 -1.1924688 0.3622193041 0.07209048101 0.0578000059 0.1896687106 
-0.0701150379 -0.08337837578 -1.175978943 0.3834435901 0.09419835399 0.08830104184 0.1548621466 
-0.06603650897 -0.07061065057 -1.156608902 0.4015134624 0.05570435021 0.1064349533 0.1330917394 
-0.04549305171 -0.06653189213 -1.10497922 0.4244633116 0.01839963169 0.3095446153 0.1667712427 
-0.02251489808 -0.04598727881 -1.075227262 0.4318342462 0.08909320176 0.1718004521 0.05925226855 
-0.01297621282 -0.02300783211 -1.042141844 0.4354032741 0.09954677771 0.1927882282 0.03301314299 
-0.01576754255 -0.01346861007 -1.006441997 0.4366350333 0.04184327728 0.2092489058 0.0168823183 
-0.02440255255 -0.01626009688 -0.9695981564 0.4350073202 -0.01109669071 0.2164516006 -0.002852530756 
-0.02655250502 -0.02489559281 -0.9339360459 0.4333470025 -0.03618702896 0.2090113174 -0.003077554028 
-0.01782016076 -0.02704566627 -0.8993984832 0.432284502 -0.008342882892 0.2019310612 0.001048324139 
-0.01147938367 -0.0183128306 -0.8642962428 0.430932592 0.03838118362 0.2054863238 -0.0009490563599 
-0.01135856712 -0.01197169669 -0.8280642562 0.428062974 0.02811278659 0.2125993097 -0.01142362492 
-0.01819541129 -0.01185087335 -0.7910468185 0.4241291105 0.001406856982 0.2175445816 -0.01876858992 
0.001849004498 -0.01868810225 -0.7366426092 0.4192038739 -0.02846645098 0.3270132944 -0.0256106204 
-0.0001465532224 0.001357441514 -0.7008458533 0.4149663367 0.08695052475 0.2098590572 -0.02086441577 
-0.008111639138 -0.0006382285038 -0.6818296618 0.4103133274 -0.007679975909 0.1042070814 -0.02373182455 
-0.01096801055 -0.008603762645 -0.6444796041 0.4036093764 -0.0333106529 0.2196387879 -0.03788654318 
-0.04199009385 -0.0114602948 -0.6090384348 0.3953447942 -0.01137595271 0.2076202516 -0.04865734972 
-0.04774172703 -0.04248412383 -0.560008152 0.3930437091 -0.1323078321 0.293178559 -0.007499854966 
-0.06959054345 -0.04823608067 -0.5175135215 0.3903401523 -0.02380700533 0.2520294915 -0.01027754113 
-0.05309223432 -0.0700861266 -0.5043350714 0.3901848007 -0.09292163058 0.06745212478 0.007309075241 
-0.06023031732 -0.05358688906 -0.4919782775 0.3916619104 0.07172501422 0.06227890208 0.01857562183 
-0.05989435662 -0.06072537374 -0.4658314216 0.3916984939 -0.02975984554 0.1491023996 0.008633729454 
-0.04933814649 -0.06038939414 -0.4404458963 0.3922614024 0.002330596713 0.1443089921 0.01226619833 
-0.05399330331 -0.04983258997 -0.3900972089 0.3929244673 0.04621210683 0.301479356 0.01295743477 
-0.08098923243 -0.05448800875 -0.3516062306 0.3909889119 -0.01909919083 0.2268221289 -0.0049771263 
-0.1149218283 -0.08148545704 -0.3253974792 0.3898562989 -0.1150211967 0.1494920997 0.0005644377057 
-0.1527937749 -0.1154199624 -0.3048675275 0.3874204411 -0.1448043653 0.1137378547 -0.008429998469 
-0.1577406564 -0.1532940402 -0.2894032286 0.3891119285 -0.1617183029 0.08184403854 0.02005516504 
-0.1605125558 -0.1582412001 -0.277297494 0.394251778 -0.0203517355 0.06069820966 0.04385427796 
-0.148170032 -0.1610132554 -0.2659060514 0.4050125584 -0.01101326471 0.0562009615 0.08264752763 
-0.1094397055 -0.1486700372 -0.2591750137 0.4103267961 0.05388179619 0.0268586234 0.04505783079 
-0.05715699354 -0.1099375312 -0.2441642788 0.4103266883 0.1671800715 0.07898835881 0.008380501842 
0.03224392428 -0.05765187702 -0.2113377815 0.4128276827 0.2253683913 0.1911580362 0.02564203423 
0.1197963585 0.03175407174 -0.177179845 0.4001913811 0.3847385648 0.1995408991 -0.07882907794 
0.1081436009 0.1193114328 -0.1269662931 0.3622142332 0.3768019431 0.3006285304 -0.2537207099 
0.06805001663 0.1076580195 -0.07668843205 0.3622139544 -0.04914398493 0.3010334262 0.008379321329 
0.01136556325 0.06756217903 -0.05222906207 0.3189980187 -0.1712570929 0.1384778333 -0.2898765713 
0.06691709037 0.0108745358 0.007744189601 0.2876723727 -0.2424914005 0.3620764969 -0.2078149015 
0.03163093492 0.06642918902 0.05373926979 0.2752089449 0.239403327 0.2740686444 -0.07763597741 
-0.008354747101 0.03114104788 0.06875320312 0.2609226924 -0.1506159885 0.07900849596 -0.09021632991 
-0.02573989763 -0.008846884289 0.08265255251 0.2553007073 -0.1707938055 0.07199097306 -0.03041927964 
-0.06015844983 -0.02623301315 0.1259834218 0.246915665 -0.07375650147 0.2572945274 -0.04948871328 
-0.006735147974 -0.06065350221 0.1259834218 0.2426580551 -0.1468908602 -0.01552060833 -0.02100294788 
-0.01405997881 -0.00722719402 0.1590436672 0.2399073452 0.2302656109 0.1926297355 -0.01060297214 
-0.02478574102 -0.01455243705 0.1692201477 0.2350608387 -0.03056166327 0.04855144845 -0.02506726017 
-0.04576703792 -0.02527880284 0.1928817062 0.2266829342 -0.04516385134 0.133454739 -0.04943945053 
-0.04865618547 -0.04626128044 0.2092172063 0.2244118377 -0.08919686175 0.08732920176 -0.007292886957 
-0.09982762066 -0.04915059057 0.2257710278 0.2271885306 -0.01151667986 0.08870377358 0.02754478719 
-0.1187955534 -0.1003249054 0.2376347517 0.2281608936 -0.2188207881 0.05917448814 0.01509207709 
-0.2716805372 -0.1192939055 0.2491687733 0.2293207453 -0.08055231161 0.05709865182 0.01638604343 
-0.2909498069 -0.2721874927 0.2499733228 0.2391529766 -0.6555365591 -0.01045509067 0.07623908129 
-0.2996932045 -0.2914578468 0.237548752 0.2593749877 -0.0818461275 -0.0937468486 0.1479448759 
-0.1412534839 -0.3002017364 0.2158822817 0.2986779592 -0.03665240027 -0.1519346965 0.2796334659 
-0.1759670555 -0.1417530998 0.1986635964 0.2986770436 0.6811625358 -0.1239310339 0.0083749266 
-0.1999517584 -0.1764686249 0.1952237679 0.3160220028 -0.148157551 -0.0371780848 0.1280887 
-0.135230767 -0.2004546775 0.1994225402 0.320634602 -0.1020922407 0.01091524824 0.04021542341 
-0.03563249818 -0.135730044 0.2038741017 0.3263093295 0.2787732017 0.01250683184 0.04754577615 
-0.07709784848 -0.03612617039 0.2202048694 0.3233960112 0.4285217585 0.08729940604 -0.01172522482 
-0.2780951262 -0.07759385411 0.2413660593 0.3105346514 -0.1771468871 0.1177121886 -0.08038233338 
-0.341240305 -0.2786024427 0.2534563887 0.306097504 -0.8621107852 0.06060121672 -0.02224203909 
-0.3806208512 -0.341751175 0.2402669124 0.3096177035 -0.2702310746 -0.09856276323 0.03267615044 
-0.2893967012 -0.3811339373 0.2016732687 0.3303177309 -0.1681956035 -0.2585097363 0.1512439391 
-0.1460929419 -0.2899046537 0.1797180844 0.3543144042 0.3925667672 -0.1537524671 0.1739959731 
-0.05006784942 -0.1465928301 0.1771626244 0.3731119045 0.6161749991 -0.03161001956 0.1381135144 
0.1490806082 -0.05056233396 0.1823573605 0.373524606 0.413180022 0.01718592788 0.01122953417 
0.2078554733 0.1485973305 0.2182075667 0.3627881988 0.8559489603 0.2101955849 -0.06571682297 
0.27970488 0.2073755031 0.3001292919 0.3148746676 0.2532430031 0.5002661041 -0.3222973571 
0.1991873353 0.2792289531 0.3344119662 0.235163355 0.3093796591 0.20032626 -0.54175198 
0.03341886188 0.1987068773 0.3687713225 0.2052818988 -0.3448208053 0.2008090571 -0.1978477242 
0.0485127034 0.03292907546 0.4300786523 0.1357112463 -0.7108529176 0.3704759758 -0.4717655023 
0.02840626625 0.04802376636 0.4597508238 0.1163991964 0.06569481309 0.1712981105 -0.1249022234 
0.05895817491 0.02791619774 0.4845817719 0.1010629816 -0.08544057702 0.1408173235 -0.09746271899 
0.09137537998 0.05846982568 0.5139890305 0.08464172282 0.1320653391 0.1696301949 -0.1049512258 
0.1802507447 0.09088885499 0.5343507666 0.06371982814 0.1400741478 0.1126787536 -0.1360126809 
0.1867617474 0.1797692211 0.5532213978 0.04592871014 0.382482058 0.1032906205 -0.1144054056 
0.1696326686 0.1862805901 0.5853694576 0.02501940493 0.0288436645 0.1868865311 -0.1359257937 
0.1062885578 0.1691505474 0.6204711238 -0.006063790096 -0.07265703574 0.2054827089 -0.2061416093 
0.07416239244 0.1058028721 0.6502359116 -0.03306618454 -0.2710852058 0.1718812313 -0.1779776773 
0.04318531269 0.0736748988 0.6766309442 -0.0534718218 -0.1370483024 0.1506649434 -0.132449694 
-0.02054273979 0.04269607586 0.6832101458 -0.06783067148 -0.1321146055 0.02590264962 -0.09071736457 
-0.08680016307 -0.02103556284 0.6841491361 -0.06890569572 -0.2727336923 -0.009608638944 0.0009618902708 
-0.1447271113 -0.08729671468 0.6727401284 -0.06735369144 -0.2835937609 -0.08735276993 0.01909251226 
-0.200527975 -0.1452269227 0.6522226017 -0.05508484034 -0.2478261578 -0.144700842 0.09305558371 
-0.1190669042 -0.2010309265 0.6243984069 -0.03498529686 -0.2386976331 -0.1907042963 0.1470996575 
-0.050657877 -0.1195652716 0.5943607087 -0.008694122502 0.3506481565 -0.2046407174 0.1898316331 
0.04294242784 -0.05115239474 0.5793159569 0.0194709424 0.294608097 -0.1102437488 0.2027644204 
-0.04714710063 0.04245317734 0.5794808814 0.03900391128 0.4027689901 -0.0144822284 0.1431894031 
-0.1165473334 -0.04764142081 0.5936989948 0.03157011462 -0.3859189314 0.07399794034 -0.04292362446 
-0.3448448479 -0.117045559 0.6027692627 0.02543180849 -0.2970876808 0.04158663254 -0.03398270549 
-0.5357290831 -0.3453559206 0.566111532 0.0404853699 -0.9793266732 -0.2463210504 0.1122744576 
-0.6956426983 -0.5362508977 0.5052189267 0.06978112752 -0.8186895772 -0.3989060489 0.2105679756 
-0.7968533189 -0.6961735118 0.4220804205 0.1248227764 -0.6857145862 -0.5389682851 0.3882550535 
-0.795612898 -0.7973898279 0.4220804205 0.1972185432 -0.433668286 -0.01552060833 0.5080257181 
-0.7485567558 -0.7961493372 0.2216647193 0.2819974364 0.006213973549 -1.277356285 0.593488735 
-0.6876378193 -0.749090547 0.2216647193 0.3656958012 0.2029276693 -0.01552060833 0.5860313923 
-0.4672194599 -0.6881681823 0.06175257714 0.4678712701 0.2624487557 -1.022342154 0.7135524244 
-0.3083616829 -0.4677374191 0.03265884859 0.5149576848 0.9472730927 -0.1986973976 0.3333514463 
-0.2258673206 -0.3088707026 -0.0005731754724 0.5361676937 0.6829574967 -0.2247524865 0.1547636121 
-0.03222270212 -0.2263716981 -0.01284842285 0.5383131216 0.355084681 -0.09280669416 0.0231880672 
0.04533998465 -0.03271618245 0.02238252898 0.5207229775 0.8323177593 0.2062967028 -0.1130183702 
0.1602176282 0.04485086907 0.07081081635 0.4885628718 0.333910113 0.2893883405 -0.213573984 
0.2324676363 0.1597349772 0.1241559302 0.4362537068 0.4941250532 0.3203451321 -0.3526341321 
0.1518789498 0.2319890511 0.1920419403 0.3791552893 0.3110996755 0.4118959508 -0.3856874955 
0.1341739789 0.1513958296 0.2580757483 0.3093799116 -0.3451262585 0.400234317 -0.4731784277 
0.0277890803 0.1336898623 0.3123197534 0.2408417401 -0.07512967763 0.3260046339 -0.4646397613 
-0.04313551222 0.02729897706 0.3516630147 0.1552600133 -0.4558844887 0.2321881813 -0.5822670562 
-0.07853464863 -0.04362960665 0.3732585983 0.1201632129 -0.303632649 0.1204471711 -0.2338417889 
-0.04108113487 -0.07903073511 0.3807287639 0.09285608727 -0.1511010819 0.03151224065 -0.1800808011 
0.003604692299 -0.0415751137 0.3791440881 0.07794964071 0.1616979675 -0.02549787268 -0.09449664288 
-0.06372092525 0.003113228114 0.3837930486 0.06481930656 0.1927505202 0.01374967395 -0.08223867825 
-0.1222526796 -0.06421617811 0.3845504711 0.05001803727 -0.2881801439 -0.01075180642 -0.09377075461 
-0.04090525012 -0.1227512263 0.3689899601 0.03266945799 -0.2504229443 -0.1134910162 -0.1113511935 
0.04419347054 -0.04139921904 0.3617150432 0.02556908634 0.3501602277 -0.06132415354 -0.04062246835 
0.04230800676 0.04370429044 0.3688002581 0.02194451186 0.3662667154 0.02908855611 -0.01663400984 
0.08385368306 0.04181872056 0.375439952 -0.01311430207 -0.007207278234 0.02628351464 -0.2335796225 
0.01191878104 0.08336673479 0.3888502913 -0.03440502371 0.1792680154 0.06891212036 -0.138558166 
-0.04274762761 0.01142778472 0.3909660277 -0.05576444993 -0.3079704988 -0.00219973717 -0.1390323355 
-0.1286971693 -0.04324170022 0.3936115722 -0.06929487412 -0.2338267538 0.00113598272 -0.0849999278 
-0.1072691869 -0.1291960786 0.3845453812 -0.08195199744 -0.3681435459 -0.07260217999 -0.07897278047 
-0.1579619925 -0.1077668904 0.3610172572 -0.07458542309 0.09289098544 -0.1636558396 0.0592221762 
