# Sat Feb 24 19:49:28 2024

# input dimensionality
6

# covariance function
CovSum(CovSEard, CovNoise)

# log-hyperparameter
1.47267359 -0.2711673858 0.8439784411 1.487511667 1.979614022 2.22426985 -0.1469033751 -2.140305556 

# mean for input values
0.002484857969 0.1014214909 1.600141897 1.359109398e-05 -0.0002681696773 -0.006790314716 
# std_dev for input values
0.2581455949 0.08254312808 2.403335371 0.05166231283 0.004717944388 0.5269538035 

# mean and std_dev for target values
0.002560986484 0.258146849

# data (target value in first column)
-0.5826056143 -0.009625758546 -1.228709108 -0.6658002232 -0.0002630756007 0.0568403642 0.01288597724 
-0.5421187241 -0.5823135393 -1.226851506 0.0877380497 -2.861862175 0.08934016896 3.449629716 
-0.6137749639 -0.5418264524 -1.204025671 0.8453047828 0.2020422906 0.4561913715 3.468002752 
-0.3674419872 -0.6134830403 -1.141666098 1.748170805 -0.3583158126 1.147856658 4.130684981 
-0.2071547324 -0.3671488669 -1.036630757 2.419484912 1.230616424 1.894493579 3.074621045 
-0.1564589933 -0.2068608335 -0.8913986468 2.93758231 0.8006621536 2.597758963 2.375828976 
0.1429906616 -0.1561648481 -0.716157104 3.434067382 0.2530539866 3.122791109 2.277259301 
0.2348910275 0.1432862616 -0.5166353257 3.600314979 1.496030463 3.547587677 0.7711094282 
0.2437795292 0.235187074 -0.4114106557 3.624103466 0.4589457479 1.897805984 0.1213807073 
1.113587061 0.2440756189 -0.1952283615 3.675368489 0.04415109363 3.839072907 0.2466959288 
0.9159528046 1.113887377 0.2278691432 2.856365176 4.346001375 7.459172533 -3.722431269 
1.01802214 0.9162521597 0.4159240517 2.391295971 -0.9878042415 3.346968251 -2.108205596 
0.850323777 1.018321991 0.5783711128 2.253636123 0.5097581713 2.898944354 -0.6149542209 
0.9777352637 0.8506228132 0.7208995988 1.990869514 -0.8382202155 2.550457523 -1.185542202 
0.9906055903 0.9780349189 0.8438225451 1.747271707 0.6363881316 2.207447422 -1.098116966 
1.012596022 0.9909053081 0.9523723679 1.522884466 0.06404752313 1.955981429 -1.010501251 
1.038121338 1.012895846 1.044612359 1.306217519 0.1096189687 1.670631611 -0.9752904689 
0.9340052302 1.038421286 1.122166748 1.105139882 0.1272821217 1.413698637 -0.9041906148 
0.9143491405 0.934304673 1.18656422 1.068116051 -0.5205116588 1.183510867 -0.1559726246 
0.9909065972 0.9146484878 1.238887148 0.8932508733 -0.09848085454 0.9722598339 -0.7846406055 
1.015621664 0.9912063164 1.323243925 0.7331242408 0.3822801194 1.532710292 -0.7174209249 
1.055467748 1.015921503 1.340426861 0.7237344153 0.1232334598 0.357465639 -0.02993921854 
1.076836713 1.055767781 1.379890429 0.5668778159 0.1988403019 0.7472779963 -0.7025069301 
1.22440973 1.077136849 1.402099926 0.4213212567 0.106513617 0.4454081803 -0.650969611 
1.246697121 1.224710583 1.417409431 0.1328087264 0.7371315024 0.324688891 -1.302964415 
0.4707682329 1.246998082 1.426587007 -0.0007644126853 0.1111028201 0.2174072935 -0.596315527 
0.5877622802 0.4710654253 1.426652884 0.7268822949 -3.877433617 0.05799291829 3.331543246 
1.186429931 0.588060041 1.422095017 0.596462084 0.5843341485 -0.02290212729 -0.5819356255 
1.953043944 1.1867306 1.453574413 0.4906313593 2.991166445 0.6075903594 -0.4697876883 
1.356230251 1.953348337 1.478079137 -0.5202044801 3.83036279 0.4855644772 -4.597342683 
1.351811023 1.356531745 1.497187338 -0.6992993271 -2.982428716 0.3911492503 -0.8039313183 
1.308953014 1.352112496 1.468800791 -0.8783533779 -0.02234512463 -0.4397984744 -0.8037452547 
1.141105956 1.309254279 1.435396211 -0.9347775243 -0.214416475 -0.5275918079 -0.2444537473 
1.266868138 1.141406405 1.37829458 -0.8329425055 -0.8389632219 -0.9421852494 0.4773359934 
1.278028476 1.267169198 1.331822674 -0.8521237469 0.6281468701 -0.7562121382 -0.07459599087 
1.183179057 1.27832959 1.305350654 -0.8649580218 0.05550302752 -0.4063027153 -0.04564869238 
1.213894458 1.18347971 1.292849996 -0.7520126382 -0.4742077601 -0.1618657893 0.5280082396 
1.03590124 1.214195261 1.269770069 -0.6389992906 0.1532160006 -0.3469561177 0.5283182101 
1.343796436 1.036201178 1.249991973 -0.3055311798 -0.8896616701 -0.2891887074 1.533770162 
1.560305402 1.34409787 1.250182498 -0.3354005987 1.538231243 0.06017370656 -0.1233427214 
1.397232577 1.560607888 1.257906283 -0.6194910215 1.081591457 0.1919723895 -1.28279603 
0.7820520309 1.39753427 1.261414177 -0.6809434689 -0.8151072766 0.1182129693 -0.2673868656 
1.191313378 0.7823507355 1.255000526 -0.3979897767 -3.074204423 -0.05537011149 1.303383574 
1.424627458 1.19161407 1.226602488 -0.4798827222 2.044738809 -0.4399995103 -0.3606120624 
1.428497281 1.424929285 1.220296065 -0.5002292766 1.165563452 -0.05349410302 -0.07991076078 
1.400100305 1.428799126 1.227879717 -0.579023439 0.01907369881 0.189520685 -0.3464791062 
1.429902653 1.400402012 1.231189207 -0.5638680571 -0.1421574163 0.1147417833 0.08200677161 
1.840244695 1.430204505 1.233311123 -0.6762441663 0.1486536479 0.09396448414 -0.499639934 
1.443581015 1.840548541 1.231492627 -1.169243462 2.050138839 0.025024738 -2.235589386 
1.411512807 1.443882933 1.226999824 -1.275352513 -1.982316793 -0.02176377883 -0.4710570805 
1.375651014 1.41181457 1.177144936 -1.377760318 -0.1605018716 -0.8153993331 -0.4541764097 
1.134081209 1.375952602 1.158305021 -1.441863243 -0.179457704 -0.2727747067 -0.2794751861 
1.078567501 1.134381624 1.158305021 -1.150616082 -1.207341903 0.0568403642 1.341208497 
1.526719271 1.078867646 1.101602028 -1.148747163 -0.2776546189 -0.9352108341 0.02140976038 
1.002752848 1.527021593 1.042630403 -1.446063759 2.239066928 -0.9749018513 -1.343118075 
1.698501187 1.003052625 1.022000197 -0.8203157446 -2.618424626 -0.3040968603 2.866802824 
1.430773624 1.698804344 0.9876696261 -1.370708308 3.476260364 -0.543792553 -2.497349091 
1.25542118 1.43107548 0.9859668175 -1.053013297 -1.338047295 0.02704875518 1.461832077 
1.230430976 1.255722185 0.9687346752 -1.07891461 -0.8764662161 -0.2446457933 -0.1052449526 
1.179793179 1.230731859 0.9463088544 -1.108078901 -0.1251344199 -0.3355121626 -0.1201267654 
1.171936218 1.180093816 0.9138163271 -1.121017572 -0.2532906127 -0.5116349335 -0.04612482477 
1.135156192 1.172236817 0.8955537403 -1.151718083 -0.03952283155 -0.2626740091 -0.1271331707 
1.018231158 1.135456612 0.8760625716 -1.177348367 -0.1840459373 -0.2841687494 -0.1040088437 
1.080758219 1.01853101 0.8546918536 -1.080172318 -0.5845154576 -0.3170525355 0.4560873271 
1.057038961 1.081058375 0.8349883296 -1.097696738 0.3121728753 -0.2878840273 -0.06703954558 
1.041553866 1.057339002 0.8166801173 -1.119904205 -0.1187837402 -0.2634722529 -0.08839802659 
0.9170230182 1.041853832 0.8070937416 -1.134835258 -0.07763917713 -0.110878746 -0.05521169428 
0.8693440088 0.9173223785 0.786950768 -1.031610936 -0.622520275 -0.2955724484 0.4836723394 
0.9111093826 0.8696431374 0.7542843719 -1.038422968 -0.2385061076 -0.5146768678 -0.01818239741 
0.9739529567 0.9114087141 0.7244050143 -1.0390436 0.2084306327 -0.4659160385 0.01005539374 
0.8549546115 0.9742525936 0.7146654786 -1.152481722 0.3137544308 -0.1135583689 -0.5044835731 
0.7314993847 0.8552536703 0.7046951142 -1.156800511 -0.5948753989 -0.1175968474 -0.006811191701 
0.3115501311 0.7317978437 0.6706506714 -1.049534602 -0.6171455969 -0.5387865811 0.502105247 
0.9174357921 0.31184655 0.6176888509 -0.5146955152 -2.098670418 -0.869756894 2.452184614 
0.6517038121 0.9177351544 0.6058418159 -0.7681847155 3.027233482 -0.1504302693 -1.143229715 
0.6712623622 0.6520018835 0.6002506974 -0.7427389501 -1.328075741 -0.04097944321 0.1289392394 
0.6598758721 0.6715605285 0.586608116 -0.7888191546 0.09746731598 -0.1818443796 -0.1972770098 
0.5073395362 0.6601739832 0.5723338526 -0.8096924548 -0.05715922208 -0.1928960153 -0.08231314704 
0.4853976806 0.5076369062 0.5554050046 -0.7309316123 -0.7624584235 -0.2393394878 0.372099095 
0.5014641074 0.485694944 0.5554050046 -0.7531118978 -0.1099023963 0.0568403642 -0.08827405662 
0.434078273 0.5017614489 0.535063441 -0.7616073954 0.08001783383 -0.2990468936 -0.02586036043 
0.5663806549 0.4343752872 0.5049576043 -0.7620720425 -0.3369774008 -0.4698784192 0.01076681095 
0.448159317 0.5666783118 0.4596887213 -1.005464897 0.6608270135 -0.7351645641 -1.097182218 
0.1091524309 0.4484563995 0.447371748 -0.9014528186 -0.5909928396 -0.1586521105 0.4872651474 
-0.04165317145 0.1094478665 0.3967853724 -0.796234535 -1.69421665 -0.8281971295 0.4927664167 
0.1341694445 -0.04135846846 0.3629161509 -0.5606326609 -0.7538102732 -0.5357209842 1.087421001 
0.07292528082 0.1344650016 0.3329727742 -0.5080794919 0.8782894282 -0.46703609 0.2525709157 
0.229284793 0.07322054044 0.3231955787 -0.4595508315 -0.3062886289 -0.1142172482 0.2342159026 
0.02229596308 0.2295808123 0.293694421 -0.6317772209 0.7810359639 -0.4592992161 -0.7726055989 
-0.005537261237 0.02259097674 0.2606839898 -0.6150881514 -1.034547282 -0.5206959587 0.08900162689 
-0.2739271916 -0.005242382793 0.2461545837 -0.6038208426 -0.1393404565 -0.1973598821 0.06427401497 
-0.1563041893 -0.273633617 0.2316557288 -0.305455105 -1.341357019 -0.1968253717 1.373674961 
-0.2955868343 -0.1560100433 0.1782211184 -0.2294514372 0.5874769183 -0.8780286225 0.3595241492 
-0.227194327 -0.2952933649 0.1587157849 -0.1838125678 -0.6962322251 -0.2844165706 0.2210361194 
-0.2679969361 -0.2269005254 0.1391845357 -0.1748583709 0.3414814045 -0.2848699817 0.05372435449 
-0.2921837425 -0.2677033327 0.1220115416 -0.1538143325 -0.2041460299 -0.2436109632 0.1088638058 
-0.3340726834 -0.2918902566 0.1041631722 -0.1463146948 -0.1211199927 -0.2554270381 0.04709038842 
-0.3736160651 -0.333779401 0.08567666005 -0.1410586416 -0.2095742256 -0.2665917102 0.03685782909 
-0.4239948844 -0.3733229748 0.06570477998 -0.1339301874 -0.1978539077 -0.292579069 0.04539749162 
-0.5255722097 -0.4237020388 0.04433478168 -0.1235361261 -0.2519965491 -0.317039945 0.06029130033 
-0.54594553 -0.5252798576 0.02146476917 -0.0391893313 -0.5078258428 -0.3432835491 0.3975755533 
-0.5682156464 -0.5456532769 -0.02431883448 -0.02243293408 -0.102064721 -0.7441698956 0.08930869563 
-0.6427185093 -0.5679235015 -0.03542964133 0.0004097924272 -0.1115426535 -0.137549539 0.1170672778 
-0.68221503 -0.6424267263 -0.06995301656 0.04226265803 -0.3725398526 -0.5471657769 0.2037688813 
-0.7243449849 -0.6819234389 -0.09359305522 0.06391052724 -0.1976197519 -0.3567555958 0.1116177625 
-0.7655450784 -0.7240535985 -0.1178139221 0.08814513393 -0.2107785273 -0.3669175161 0.1234153767 
-0.7969935054 -0.7652538921 -0.1425006718 0.113568756 -0.2061321847 -0.3750684038 0.1288382481 
-0.8457217106 -0.7967024719 -0.1674463299 0.1419571142 -0.1574049433 -0.3795981517 0.1423598417 
-0.8708772855 -0.8454309138 -0.1925989559 0.1717523562 -0.2437487413 -0.3832191745 0.1487763696 
-0.9508301016 -0.870586611 -0.2177756909 0.2027521524 -0.1259607468 -0.3836409748 0.1542701102 
-0.9389431178 -0.9505398154 -0.2428781134 0.2885958452 -0.399772242 -0.382340835 0.4044026184 
-0.9722581652 -0.9386527739 -0.2678483941 0.3179102943 0.05913394415 -0.3800289394 0.1465835652 
-1.196443082 -0.9719679831 -0.2899638989 0.3490045772 -0.1667320943 -0.3300830067 0.154701046 
-1.205234779 -1.196153989 -0.3120107379 0.615277609 -1.120472889 -0.3288816585 1.227306277 
-0.9821062574 -1.204945729 -0.3331860337 0.615277609 -0.04419353239 -0.3136335143 0.01288597724 
-0.897383408 -0.9818161232 -0.3491628619 0.5281363111 1.114668132 -0.2226833579 -0.3845487926 
-1.088357526 -0.8970928623 -0.360782991 0.4109988908 0.4230810489 -0.1464604224 -0.5213553617 
-1.127855311 -1.088067908 -0.3734961034 0.3946429165 -0.9545247817 -0.1655827888 -0.06171048869 
-1.176464584 -1.127565885 -0.4200954028 0.3828719192 -0.1976260709 -0.7584409569 -0.04079928722 
-1.367896036 -1.176175394 -0.4469464419 0.3999753124 -0.2431544604 -0.4129338801 0.09089127818 
-1.301582734 -1.367607776 -0.4743863435 0.6245583098 -0.9568099906 -0.4232363661 1.037166014 
-1.167753192 -1.301294152 -0.502165863 0.515367785 0.331092005 -0.4291781737 -0.485111093 
-1.288663193 -1.167463959 -0.5198067752 0.5523296164 0.6684579472 -0.2517974573 0.1814618109 
-1.297334722 -1.288374548 -0.5436057318 0.5672539229 -0.6044275847 -0.3595359549 0.08095288064 
-1.316852513 -1.297046119 -0.5662175204 0.6023064209 -0.04359307126 -0.3387657748 0.1727537071 
-1.30525966 -1.316564005 -0.5886674619 0.6120073413 -0.09778980146 -0.3359341674 0.0571300171 
-1.313578255 -1.304971095 -0.6099223069 0.6195081635 0.05766422847 -0.3150252728 0.04709579082 
-1.327848799 -1.313289731 -0.6204884793 0.6251362892 -0.04182953027 -0.128020848 0.03855478034 
-1.337253733 -1.327560344 -0.6630186125 0.6264331247 -0.0715702953 -0.6872485745 0.01880059559 
-1.344194233 -1.336965324 -0.6843919986 0.6268230977 -0.04725775956 -0.3170992162 0.01466456955 
-1.363682356 -1.343905858 -0.7053571965 0.6461938878 -0.03494345064 -0.3099577324 0.1012324407 
-1.355002426 -1.363394075 -0.7264597946 0.6397872872 -0.09764155333 -0.3123616245 -0.01633330066 
-1.346769462 -1.354714103 -0.7476937697 0.6354100647 0.04310889924 -0.3146601425 -0.00707769645 
-1.415834888 -1.3464811 -0.7687380374 0.6162200126 0.04087549323 -0.3113411023 -0.07463617488 
-1.349473264 -1.415546861 -0.8003940243 0.6957119417 -0.3453700045 -0.4969991828 0.3754334407 
-1.330600771 -1.349184914 -0.8202780963 0.6731037406 0.3313334657 -0.2910428166 -0.09022569771 
-1.353737758 -1.33031233 -0.8385688379 0.6281838878 0.09403921724 -0.2631665926 -0.1919848682 
-1.34188397 -1.353449429 -0.8582076205 0.614138533 -0.1158742428 -0.2867513393 -0.05117219561 
-1.316795149 -1.341595583 -0.8788441118 0.5901391688 0.05896807163 -0.3042068214 -0.09657052624 
-1.3187582 -1.316506641 -0.8998837472 0.5475835311 0.1251010365 -0.3112600581 -0.181202136 
-1.305822457 -1.318469701 -0.9214722606 0.5286388551 -0.01007206994 -0.3208629898 -0.07351706145 
-1.295362816 -1.305533896 -0.9434089951 0.5107295538 0.06437439415 -0.3269553181 -0.06879491593 
-1.283329447 -1.295074204 -0.9655599266 0.4909095121 0.05200178244 -0.330702817 -0.07750943667 
-1.271098969 -1.283040776 -0.987801806 0.4721410387 0.05986540331 -0.3322940021 -0.07271343546 
-1.251248855 -1.270810239 -1.010087329 0.4526174825 0.06085032038 -0.3330575673 -0.07615722319 
-1.230604451 -1.250960028 -1.032385697 0.42742275 0.09892420778 -0.3332823141 -0.1020223724 
-1.218566237 -1.230315524 -1.054604048 0.4009514415 0.1028931196 -0.3318823525 -0.1078445906 
-1.215964134 -1.218277252 -1.07684466 0.3668451082 0.05988961413 -0.3322718346 -0.1426664769 
-1.177451005 -1.215675135 -1.121880677 0.3509036113 0.01273914656 -0.7310904282 -0.05982013671 
-1.164416642 -1.17716182 -1.144504198 0.3125687578 0.1921797739 -0.3389710512 -0.1619519473 
-1.142928512 -1.164127393 -1.167125412 0.2846107639 0.06486718556 -0.3389306752 -0.1146250783 
-1.097725272 -1.142639159 -1.189972089 0.2582015619 0.1071090636 -0.3428752765 -0.107561335 
-1.069269296 -1.097435699 -1.212776055 0.2023591025 0.225609003 -0.3421280257 -0.2418007845 
-1.042207869 -1.068979585 -1.223865287 0.1747111207 0.1419260762 -0.1371720778 -0.1132111727 
-1.015217373 -1.041918027 -1.246943608 0.1462423709 0.13495778 -0.3469280197 -0.1169545377 
-0.9932315136 -1.0149274 -1.280813923 0.1188380479 0.1346033487 -0.5357401183 -0.1120998912 
-0.9612510094 -0.9929414334 -1.314088164 0.08993116163 0.1095961248 -0.5253114611 -0.1189527948 
-0.9476680594 -0.9609607739 -1.335533447 0.05896156502 0.1595374819 -0.3183570979 -0.1283604213 
-0.8854962383 -0.9473777579 -1.356484395 0.04976260676 0.06760836777 -0.3097084282 -0.02906870951 
-0.8364872208 -0.8852056347 -1.37609691 0.0133023296 0.3103978074 -0.2862917643 -0.1534023638 
-0.7222287928 -0.8361963792 -1.37609691 -0.02670486675 0.2446257559 0.0568403642 -0.1695791828 
-0.7586333672 -0.7219373961 -1.404146252 -0.1887905887 0.570664774 -0.4338988743 -0.7263559565 
-0.7189039189 -0.7583421473 -1.446890754 -0.2437498602 -0.1821698786 -0.6909990841 -0.2377727339 
-0.613560961 -0.718612506 -1.459466566 -0.3019650952 0.1982574963 -0.1631806403 -0.2526225597 
-0.6904387214 -0.6132690364 -1.484282891 -0.4426245307 0.5261158488 -0.3773353808 -0.6286347678 
-0.6043257283 -0.6901471702 -1.510492347 -0.3997850469 -0.3844067679 -0.4017090223 0.2082686579 
-0.5635714728 -0.6040337588 -1.537621779 -0.4313367627 0.4300273353 -0.4178045276 -0.1310153554 
-0.4455116301 -0.5632793054 -1.562214161 -0.4591661842 0.2033782648 -0.3734173867 -0.1140386844 
-0.4685397624 -0.4452188891 -1.583977313 -0.5856210246 0.5896597274 -0.3239183861 -0.5638503303 
-0.4230769219 -0.4682471333 -1.604556862 -0.6338703534 -0.1153303163 -0.3032105847 -0.2071699703 
-0.3752715552 -0.4227840719 -1.62625066 -0.6872625788 0.2269061775 -0.3227050157 -0.2306257366 
-0.3062525881 -0.374978473 -1.649498016 -0.7475678712 0.2386113398 -0.3498853733 -0.2621549114 
-0.301696375 -0.3059591706 -1.695285632 -0.8466182447 0.3446117066 -0.7442400963 -0.4388638052 
-0.21642542 -0.3014029353 -1.719122722 -0.8977829569 0.02250346354 -0.3602031249 -0.2204664757 
-0.1534469902 -0.2161315661 -1.742449587 -0.9496756228 0.4258198296 -0.3512764535 -0.2237865331 
-0.1301547293 -0.1531528303 -1.764118996 -0.9951201618 0.3144282794 -0.3222783065 -0.1943778608 
-0.0005491484944 -0.1298604562 -1.785309235 -1.051048781 0.1161239661 -0.3138949538 -0.2421937448 
0.04257228052 -0.0002542458183 -1.807003191 -1.16871631 0.6473516064 -0.3227077689 -0.5237730831 
