# Thu May 30 12:15:57 2024

# input dimensionality
6

# covariance function
CovSum(CovSEard, CovNoise)

# log-hyperparameter
0.5680186705 0.2576281685 1.553793681 4.746490094 4.029922026 3.143082487 -0.07597424805 -2.952373229 

# mean for input values
0.0002938038708 -0.1297675841 -1.13956685 -0.001078530144 -0.002011819138 -0.004272795945 
# std_dev for input values
0.3776086608 0.0806090306 4.143229867 0.0342845819 0.003460492953 0.3670684516 

# mean and std_dev for target values
-0.0001812966277 0.3775809536

# data (target value in first column)
0.247765731 0.113047315 1.632192751 0.2504533585 0.03145816821 0.5813677892 0.01164032465 
0.3752348673 0.2464893689 1.681395547 0.1782647059 1.501182239 1.72750208 -0.8031782199 
0.4742451187 0.3739491521 1.754835592 0.04662636024 1.43529381 2.29208674 -1.474207678 
0.5559550543 0.4729521386 1.808347476 -0.07871703911 1.121872083 1.82787836 -1.403154419 
0.6394617638 0.5546560787 1.853730444 -0.2415516104 0.9313412545 1.638522681 -1.826330376 
0.7653797765 0.6381566609 1.871892441 -0.350556874 0.9511293815 1.004434978 -1.218740172 
0.8267687593 0.7640654343 1.873980894 -0.5049440442 1.418211067 0.6300163884 -1.730981608 
0.9056532095 0.8254499127 1.857619536 -0.6313824087 0.7075437251 0.2002448664 -1.415513674 
0.962380164 0.9043285747 1.814078156 -0.7474692635 0.9002237848 -0.4328889978 -1.298672566 
1.022969959 0.9610513669 1.763426539 -0.8554981736 0.6562001484 -0.5985154754 -1.207719729 
1.090181293 1.021636716 1.706356207 -0.9346054442 0.6987421561 -0.7480336051 -0.8812710781 
1.156984199 1.088843118 1.627258802 -1.013044037 0.7716660991 -1.26113419 -0.8737234829 
1.176444887 1.155641122 1.561627357 -1.086000171 0.7671680299 -0.9474569162 -0.8118410484 
1.242687299 1.175100383 1.494391606 -1.122731353 0.245781483 -0.9848277845 -0.4029573607 
1.284825331 1.241337935 1.410550285 -1.192663811 0.7609952332 -1.371639392 -0.777711766 
1.317875112 1.283472875 1.348171124 -1.237855908 0.4955302802 -0.8716979343 -0.4984586552 
1.35283245 1.31652023 1.285562098 -1.273386589 0.3954400806 -0.8770524456 -0.3894068947 
1.376478071 1.351475003 1.210996393 -1.305460437 0.4164482768 -1.15557237 -0.3503883979 
1.39316585 1.375118889 1.149040378 -1.366451536 0.2918707416 -0.8618411224 -0.6767875269 
1.398938441 1.391805444 1.063189271 -1.377994823 0.2152430458 -1.418455539 -0.11865278 
1.404688292 1.397577611 0.9996991585 -1.382596094 0.09503252296 -0.8975765388 -0.04029583834 
1.36466222 1.40332704 0.9389339082 -1.391094116 0.09478209446 -0.8341033555 -0.0842798094 
1.395160962 1.363303906 0.8747500669 -1.395938201 -0.4093546267 -0.9137363169 -0.04303655671 
1.4181999 1.39380041 0.8099982388 -1.434421107 0.3673451328 -0.9269670541 -0.4227296844 
1.28815193 1.416837657 0.7239665028 -1.466348457 0.2851892498 -1.42266312 -0.3487348326 
1.321724493 1.286799229 0.6454269488 -1.383218001 -1.400778537 -1.248139566 0.9499628324 
1.254547506 1.320369329 0.5741370186 -1.40053452 0.4011975617 -1.079266184 -0.1838172742 
1.240724652 1.253197271 0.4814812365 -1.343645354 -0.7083715069 -1.57696424 0.6537682133 
1.168871345 1.239375431 0.4178099086 -1.305521486 -0.120774874 -0.901797785 0.441957743 
1.154016412 1.167527397 0.3387525032 -1.314372633 -0.7598724686 -1.260202442 -0.08826566673 
1.098339546 1.152673554 0.2406858353 -1.256223884 -0.1321413149 -1.703005896 0.6679855701 
1.017777488 1.097000773 0.1690987714 -1.193597839 -0.581719038 -1.086187642 0.7185223758 
0.9419302574 1.016444627 0.08385124362 -1.096505904 -0.8557831776 -1.404395705 1.107550924 
0.8026316907 0.9406029608 0.03226716682 -1.028548906 -0.803858124 -0.6202362833 0.7786947047 
0.6664457097 0.8013146151 -0.03691951948 -0.9538094593 -1.502656666 -1.030273034 0.8552505745 
0.6111513366 0.6651386268 -0.1466739605 -0.8927420993 -1.468377318 -1.975261921 0.700928954 
0.5760972379 0.609848311 -0.2290167235 -0.8214908256 -0.5775065898 -1.336731854 0.8158783461 
0.5171678693 0.5747967844 -0.2907351469 -0.6508390187 -0.3545975828 -0.8563066534 1.937846895 
0.4315803601 0.5158717398 -0.3598282248 -0.6286334813 -0.6175393096 -1.028092513 0.2622819842 
0.3052183421 0.4302905105 -0.4093878433 -0.5374617774 -0.9111291868 -0.573078373 1.040727202 
0.2732884342 0.3039377644 -0.470736664 -0.5156870012 -1.360184623 -0.8476970949 0.2574198323 
0.1099284451 0.2720101993 -0.5461581038 -0.4080884565 -0.3201904274 -1.175505936 1.226142693 
-0.05435082385 0.1086621969 -0.5939031814 -0.2580652557 -1.767648516 -0.530810296 1.705004611 
-0.0413637194 -0.05560501805 -0.6298609629 -0.04110426202 -1.777772676 -0.2562359709 2.460554867 
-0.3089102544 -0.04261886653 -0.6558090214 -0.03456253412 0.174486988 -0.02306859111 0.08547909316 
-0.2704525874 -0.3101457702 -0.7062878033 0.1147145845 -2.915069695 -0.5944894459 1.69658332 
-0.3300739876 -0.2716909251 -0.7390623113 0.2122919178 0.4549978987 -0.1820845162 1.113029779 
-0.4223149706 -0.3313079505 -0.7675680569 0.2201114214 -0.6251607511 -0.08264758289 0.09990179389 
-0.5533839294 -0.4235421653 -0.7938825454 0.3106507347 -0.9844048354 -0.03160424652 1.033589189 
-0.601325461 -0.5546015068 -0.8246383466 0.4501573304 -1.412022828 -0.1350605798 1.586300013 
-0.7865261436 -0.6025395208 -0.8518289333 0.405250978 -0.4965287062 -0.05201215512 -0.4952333648 
-0.7519411668 -0.7877266141 -0.899116385 0.5531550835 -2.008183165 -0.5201503157 1.681085642 
-0.9136382432 -0.7531441751 -0.9295038915 0.6600518531 0.4123474131 -0.1264814894 1.218221512 
-0.9388438718 -0.9148293869 -0.9576090395 0.8033303717 -1.749334624 -0.0733160269 1.628875026 
-0.8388659488 -0.940033166 -0.9498108476 0.9212245314 -0.2461349874 0.7630195648 1.342352898 
-1.112996792 -0.8400625789 -0.9384998106 0.860767259 1.132529187 0.8448480897 -0.670762033 
-1.104784124 -1.114173308 -0.9592589105 0.9660066869 -2.987583616 0.09780347074 1.199514519 
-1.15618793 -1.105961242 -0.9740539862 1.050143394 0.1219054474 0.2367299795 0.9613207397 
-1.270380782 -1.157361277 -0.9813157901 1.125578781 -0.5346592258 0.4122106845 0.8631058858 
-1.238638254 -1.27154575 -0.9759197922 1.2201166 -1.226163876 0.7070626431 1.078721726 
-1.297920316 -1.239805551 -0.9652749766 1.184529764 0.3810431209 0.8293290709 -0.3900407322 
-1.372208905 -1.299083263 -0.9611344035 1.225668554 -0.621423574 0.6778186681 0.4759882211 
-1.460540262 -1.373366401 -0.967844432 1.318478144 -0.7866925692 0.425063788 1.059214596 
-1.455743011 -1.461691276 -0.9802062195 1.417444331 -0.9413475705 0.2934112115 1.128706259 
-1.368640518 -1.456894377 -0.9539098053 1.444986255 0.08429097362 1.193918801 0.3225156432 
-1.399932025 -1.369798275 -0.9245930801 1.36609468 0.9907302513 1.264274192 -0.8788364422 
-1.296377133 -1.401087487 -0.927139445 1.403891428 -0.313159635 0.5220525385 0.4382654208 
-1.351669663 -1.297540193 -0.9137153518 1.33242886 1.171922859 0.8940698097 -0.7949826541 
-1.349208192 -1.352828666 -0.89188085 1.346923495 -0.5774862909 1.089982618 0.1752463377 
-1.309238722 -1.350367376 -0.8647100267 1.374361302 0.05856669195 1.214287363 0.3213404411 
-1.296981418 -1.310400839 -0.8489897632 1.377248261 0.4716475985 0.947557004 0.04422643626 
-1.34044424 -1.298144434 -0.8303874201 1.342008536 0.1664495943 1.014692424 -0.3861227602 
-1.236783387 -1.341604066 -0.8034519734 1.395645176 -0.4472040399 1.208804481 0.6170558229 
-1.146291149 -1.23795082 -0.7620424959 1.30736848 1.173089812 1.545963842 -0.9847695932 
-1.108137441 -1.147465222 -0.7273764526 1.213160768 1.028061993 1.388881684 -1.051715033 
-1.069596456 -1.109314313 -0.7098089637 1.174703251 0.4516503651 0.9905864368 -0.4224431089 
-1.065448074 -1.070776156 -0.69875896 1.14965253 0.455915484 0.838767558 -0.2711159201 
-0.9274178373 -1.066628079 -0.6797616336 1.102547748 0.07714488668 1.023893201 -0.520047804 
-0.8386708534 -0.9286079699 -0.6661436442 0.9556424239 1.551604705 0.8985864455 -1.646531396 
-0.7696047832 -0.8398674978 -0.6475027358 0.8991800562 1.008841265 1.015590768 -0.6256701483 
-0.7434516988 -0.7708064954 -0.6341123264 0.734115206 0.7920925761 0.8932851762 -1.851504313 
-0.5880583247 -0.74465533 -0.642796654 0.70182955 0.3194857882 0.3790742882 -0.3527791551 
-0.4864417744 -0.5892733579 -0.6218355512 0.6385508463 1.742827395 1.069637583 -0.7026085138 
-0.3989760628 -0.4876642638 -0.5973504854 0.5719582786 1.150575621 1.15172509 -0.7400132543 
-0.2149906766 -0.40020497 -0.5774657032 0.4906326912 0.9947304308 1.044565673 -0.9063099956 
-0.2073144218 -0.2162330838 -0.5573988236 0.3062843364 2.057715271 1.048807467 -2.069163968 
-0.1370511581 -0.2085573922 -0.5624351541 0.1714318508 0.1159978486 0.4640510583 -1.510486798 
0.003585726036 -0.1382992841 -0.5640882709 0.1597014439 0.8052774374 0.5428599401 -0.1207648766 
