# Sun Mar 10 21:56:36 2024

# input dimensionality
6

# covariance function
CovSum(CovSEard, CovNoise)

# log-hyperparameter
1.958027565 -0.09584032988 0.5370164765 6.146937255 2.988238693 2.786695111 -0.0523041132 -2.167241809 

# mean for input values
-0.0003867649272 0.133773014 1.202683264 0.0001470218259 0.001236514524 0.006824132774 
# std_dev for input values
0.2509964519 0.06612032981 3.230684556 0.03958179624 0.001066471842 0.334011469 

# mean and std_dev for target values
-0.00046907244 0.2509995085

# data (target value in first column)
0.01431183862 -0.008115456361 -2.023216016 -0.3637884255 -0.003714379839 -1.159444136 -0.02043083369 
0.06148360686 0.01398408989 -2.019294275 -0.3484186468 0.136423467 -0.9162996006 0.1282314474 
0.1058822858 0.06115643259 -2.00625336 -0.3346956966 0.2954153153 -0.3509187219 0.1123027022 
0.1766257249 0.1055556522 -1.9839976 -0.3248592822 0.2778303618 0.2203936974 0.07471066574 
0.2488862457 0.1762999529 -1.952587255 -0.33707158 0.4448900326 0.7879700691 -0.1385527712 
0.3519338792 0.2485613536 -1.891279019 -0.344118927 0.4545102819 2.641613343 -0.08859542425 
0.3531765515 0.351610242 -1.843698249 -0.3910614613 0.6497401828 1.790522376 -0.4744766821 
0.4296767012 0.3528529295 -1.794217133 -0.3946178173 0.004165761472 1.90834211 -0.05482924637 
0.4780052015 0.4293540108 -1.744423213 -0.4622323707 0.4813949835 1.927735771 -0.6744242252 
0.5868204661 0.4776830996 -1.692735225 -0.4920662962 0.3027504845 2.045166311 -0.3089957819 
0.5976743511 0.5864996893 -1.641456375 -0.5780882514 0.6863143837 2.019800114 -0.8524675391 
0.6838534659 0.5973537065 -1.5681978 -0.6137560519 0.06511321421 3.382524016 -0.3654232161 
0.5754289832 0.6835338708 -1.543890565 -0.6772221626 0.5427720739 0.3475833444 -0.6342989265 
0.7835196336 0.5751080677 -1.481613829 -0.6508157193 -0.6912650839 2.70165956 0.2349822178 
0.7692115878 0.7832012522 -1.435442173 -0.7423862667 1.315848044 1.703158467 -0.90613561 
0.8819716033 0.7688930322 -1.392376545 -0.7832808394 -0.09444579694 1.510587486 -0.4159785224 
0.8196848765 0.8816544208 -1.352804731 -0.8500850269 0.7113291791 1.293974044 -0.6665860609 
0.9065713469 0.8193669355 -1.308929705 -0.8848002659 -0.398692357 1.560769468 -0.3562096823 
0.9178273239 0.906254464 -1.292091776 -0.9105888099 0.5472576183 -0.1155071611 -0.2698673308 
0.9441406339 0.917510578 -1.261690307 -1.004068575 0.06766299466 0.7254205885 -0.9246022811 
1.02051615 0.9438242085 -1.240833677 -1.022661138 0.1631458566 0.1336488246 -0.2002650976 
0.9216304209 1.020200655 -1.225589014 -1.07734047 0.4806046483 -0.2142881926 -0.5493098973 
1.021945441 0.9213137214 -1.212932276 -1.01816558 -0.6307771166 -0.3747373849 0.551930962 
1.086927723 1.021629963 -1.202112737 -1.090882617 0.6324118997 -0.4886420996 -0.723777367 
1.158880271 1.086613037 -1.180336067 -1.098665109 0.4083568859 0.1906905388 -0.09570602639 
1.103069033 1.158566461 -1.157340733 -1.154211084 0.4525573366 0.2662466153 -0.5576923968 
1.148318654 1.102754543 -1.145743434 -1.159194 -0.3576294277 -0.4404216232 -0.06862747121 
1.16622067 1.148004715 -1.139712267 -1.229278477 0.2832264267 -0.785517033 -0.6983142571 
1.276672223 1.165906949 -1.130019042 -1.218802268 0.109807435 -0.5584725783 0.08089900053 
1.21238208 1.276359847 -1.120074022 -1.284943381 0.6966905553 -0.5428615122 -0.6601725531 
1.31813497 1.212068921 -1.109568502 -1.249629353 -0.4113965937 -0.508110985 0.3211397258 
1.144412854 1.317823099 -1.100428272 -1.311180548 0.6668949909 -0.5927578128 -0.6157771418 
1.192089275 1.144098867 -1.085951329 -1.211043446 -1.105336083 -0.2618862244 0.9481328848 
1.280458133 1.191775869 -1.077432983 -1.185195402 0.2986154634 -0.631314053 0.2295811634 
1.404312487 1.280145803 -1.040352065 -1.23337358 0.5566578656 1.13954062 -0.4864282844 
1.346955285 1.404001666 -1.010400564 -1.313297826 0.7816815593 0.6975229908 -0.793488211 
1.345196162 1.346643765 -0.9893332304 -1.299372771 -0.3674328314 0.1467122776 0.114257539 
1.440161533 1.344884621 -0.970490361 -1.276967456 -0.01486948102 0.008797434177 0.1962818031 
1.344390618 1.439851148 -0.9408379299 -1.348107603 0.598488238 0.6789808875 -0.7085250909 
1.401184729 1.344079067 -0.9217651158 -1.303388857 -0.6110251856 0.02305380634 0.4121056945 
1.381236221 1.40087387 -0.9147629928 -1.372088258 0.3564333517 -0.7253185766 -0.6849172819 
1.385150692 1.380925119 -0.8866776962 -1.346813945 -0.1302135862 0.5818199088 0.2240318259 
1.248998192 1.384839637 -0.8640422348 -1.318170679 0.02110840191 0.2439348515 0.2566176109 
1.497677155 1.248685479 -0.851290012 -1.265354991 -0.8670963834 -0.3688173752 0.4904223654 
1.375098733 1.49736747 -0.8221820816 -1.329416877 1.573230158 0.6452223155 -0.6400614915 
1.428680272 1.374787556 -0.7859126046 -1.308002053 -0.781019267 1.089232003 0.1867013993 
1.423238552 1.428369747 -0.7689467965 -1.275580796 0.3360615081 -0.107578744 0.2931597622 
1.356052012 1.422927961 -0.7480023826 -1.357324149 -0.03822188307 0.1390913752 -0.8110832918 
1.28420867 1.355740603 -0.7139152887 -1.302121433 -0.4297634779 0.9539261359 0.5135106008 
1.457812336 1.283896386 -0.7075227649 -1.264882691 -0.4592935923 -0.7631131987 0.339756281 
1.225259008 1.457502166 -0.6747449523 -1.335911258 1.097156201 0.8727518306 -0.7074458471 
1.314150422 1.224946006 -0.6549379157 -1.185830764 -1.47840165 0.06857496846 1.431204156 
1.29227862 1.313838502 -0.6400403348 -1.235426171 0.5599715374 -0.2358070345 -0.5001362688 
1.32914523 1.291966435 -0.6080896732 -1.186829775 -0.1424097391 0.8214691905 0.4496117873 
1.306258988 1.328833493 -0.5881193582 -1.275033659 0.2300673517 0.07869808182 -0.8735719699 
1.457683436 1.305946972 -0.5620100268 -1.236345529 -0.148842598 0.4593117761 0.353775311 
1.232172898 1.457373265 -0.5402170929 -1.31561777 0.9565114249 0.191698879 -0.7871817671 
1.253527526 1.231859981 -0.5214245602 -1.243976971 -1.433741298 0.005676602599 0.6725059209 
1.188961895 1.253214869 -0.5212629138 -1.302073255 0.1317014334 -1.149422199 -0.5823599455 
1.162539006 1.188648451 -0.5117433644 -1.241795307 -0.4131435456 -0.5692403231 0.5626001454 
1.118774194 1.16222524 -0.4998783158 -1.175493372 -0.1712694851 -0.423821409 0.6208664257 
1.240251029 1.118459896 -0.4994283212 -1.211676864 -0.2812395887 -1.131544862 -0.3704111816 
1.012782872 1.239938209 -0.4785684795 -1.134502703 0.7666050248 0.1338479691 0.7260266773 
0.9721699564 1.012467282 -0.4802239199 -1.133200746 -1.446155124 -1.262080005 -0.007837808569 
1.005847795 0.9718538724 -0.4726170649 -0.9796984825 -0.2612525088 -0.6878257209 1.46430079 
0.9583766463 1.005532121 -0.4568964619 -1.02527901 0.2098464434 -0.1847803751 -0.4613028384 
0.9574620944 0.9580603942 -0.4327474164 -0.9294067379 -0.3047425338 0.3377757542 0.9068818403 
0.917822932 0.9571458312 -0.4186451934 -0.9879342049 -0.009513815471 -0.2851185384 -0.5865305072 
1.040091122 0.9175061862 -0.3969450067 -0.9111955138 -0.255077663 0.1859486322 0.7218146493 
0.8538799857 1.039775865 -0.3765689681 -0.9663750064 0.7716232346 0.1038525924 -0.5541476407 
0.8098683328 0.8535624611 -0.3582830277 -0.8711930059 -1.184532534 -0.02573167905 0.9002052751 
0.7357713198 0.8095502722 -0.3414036734 -0.7841578252 -0.2828048784 -0.1129388022 0.82140617 
0.7589612142 0.735452357 -0.3142227332 -0.7039719022 -0.4735847644 0.5257505977 0.7551575731 
0.6833028408 0.7586425337 -0.3043747159 -0.7587196231 0.143339383 -0.5488755971 -0.5499713817 
0.8014549739 0.682983239 -0.2724137564 -0.6771155124 -0.4834857981 0.8221076452 0.7688748178 
0.6091576591 0.8011368109 -0.248096254 -0.7133976489 0.7455221412 0.3482199377 -0.3713653047 
0.7205578918 0.6088371543 -0.2284543166 -0.6377223507 -1.223126738 0.05833895418 0.7115291136 
0.3101626364 0.7202387436 -0.2115838392 -0.69238043 0.7027064071 -0.1134891578 -0.5491043347 
0.4610136428 0.3098384905 -0.1977130241 -0.459387421 -2.606148255 -0.2994656254 2.233165183 
0.3849512163 0.460691334 -0.1880213086 -0.4854412106 0.9528750641 -0.5585661732 -0.2724328863 
0.4127127345 0.3846279812 -0.1540060287 -0.3925175409 -0.4860480149 0.949473735 0.8783618505 
0.3317777479 0.4123898374 -0.145823082 -0.4549507267 0.1723293593 -0.6521085341 -0.624308089 
0.2705448193 0.3314538653 -0.1075933276 -0.3742058012 -0.5169463141 1.210767497 0.7605644557 
0.3377924715 0.270220191 -0.090259527 -0.2762782907 -0.3920099209 -0.08476352177 0.9267608797 
0.3601636935 0.3374686621 -0.06321729101 -0.3190544887 0.4227222462 0.5171510552 -0.4341783095 
0.08687738583 0.3598401565 -0.0535937586 -0.3795848242 0.1381479474 -0.5627934682 -0.6059030052 
-0.08226814906 0.0865505208 -0.04705540857 -0.2769842373 -1.736701142 -0.7540721018 0.9719606332 
-0.006269903528 -0.08259707392 -0.03964980166 -0.01227242579 -1.07631467 -0.7003029265 2.53996137 
-0.05942014145 -0.006597902895 -0.02418578706 -0.04432615011 0.4782122654 -0.2006886349 -0.3304665114 
-0.05158649349 -0.05974878807 0.01150292009 0.06559463004 -0.3407552638 1.053224773 1.042764295 
-0.107367049 -0.05191504472 0.03300527904 -0.01117145161 0.04596102588 0.1736834808 -0.7629412487 
-0.02675083151 -0.1076962795 0.06451164599 0.08146569296 -0.3574348609 0.7939233055 0.8755904713 
-0.2133689399 -0.02707908029 0.09038091729 0.01928960988 0.5074961482 0.4444282611 -0.6218212949 
-0.1293731433 -0.2136994613 0.09894817394 0.1386377138 -1.187113264 -0.6282816496 1.133948917 
-0.336127776 -0.1297026418 0.113857389 0.08651646699 0.5289270281 -0.2350857257 -0.5245671368 
-0.5332905702 -0.3364597923 0.1236529039 0.1903169847 -1.314804732 -0.5521307036 0.9835668151 
-0.4539712876 -0.5336249876 0.1221472858 0.3101085236 -1.253980137 -1.252791153 1.138237986 
-0.2690421349 -0.454304739 0.1527933003 0.4364939256 0.4992719133 0.7405822004 1.20201631 
-0.4799113768 -0.2693733343 0.1887172783 0.3709508489 1.168974352 1.067811362 -0.6543881239 
-0.3228734865 -0.4802451441 0.2206085097 0.4552290556 -1.340896648 0.8177845648 0.7947396808 
-0.5889392538 -0.3232053414 0.2515479045 0.4042994077 0.9921078672 0.7587715226 -0.513041544 
-0.4745311661 -0.5892743489 0.2792918982 0.4666831388 -1.690913627 0.5606594263 0.5829680772 
-0.6855134473 -0.4748648679 0.3022078958 0.4155161259 0.7217800774 0.2613278536 -0.5153374277 
-0.7397562162 -0.6858497184 0.3095548231 0.5194256838 -1.341613462 -0.7039410091 0.9846214933 
-0.7874145846 -0.7400931479 0.3276360345 0.6283168968 -0.3476833161 -0.03842470334 1.032805935 
-0.8257195214 -0.7877520967 0.3289298339 0.5669325757 -0.305929746 -1.079229697 -0.6141630758 
-0.9079063949 -0.8260574999 0.3447631933 0.6962545594 -0.2466169567 -0.1777895761 1.230420033 
-0.9343378288 -0.9082453743 0.3700277307 0.8110151249 -0.5248848877 0.4069352834 1.08957652 
-0.9178678643 -0.9346771301 0.4070159472 0.9163188023 -0.171323674 1.133793223 0.998105941 
-0.964474877 -0.918206965 0.4263626942 0.8156686065 0.1007263834 0.04003741345 -0.9939573841 
-0.8134200623 -0.9648145453 0.4552035923 0.9130847097 -0.2992627986 0.628666545 0.9218143565 
-1.023738108 -0.8137578911 0.4814158557 0.8538308821 0.9541674709 0.4656934732 -0.593556141 
-1.066528544 -1.024078498 0.5039472007 0.9422324233 -1.337401355 0.2374797257 0.8346221221 
-0.9227588506 -1.066869455 0.5239127355 1.047837583 -0.2750607897 0.07840171681 1.001021991 
-1.121150199 -0.9230980109 0.5563423553 0.9479987097 0.9079704281 0.8511641781 -0.9861099672 
-1.203567008 -1.121491776 0.5679666642 1.071598411 -1.261770753 -0.4387470565 1.175071966 
-1.182136689 -1.203909588 0.6063462699 1.167812342 -0.5263429725 1.220058149 0.9101864938 
-1.197725614 -1.182479008 0.6364781002 1.255680792 0.1321814134 0.708703221 0.8294658603 
-1.21873522 -1.198068123 0.6591871141 1.13278982 -0.1025682198 0.2484950419 -1.209078535 
-1.237423821 -1.219077985 0.6950885068 1.212064546 -0.1369423137 1.066411097 0.7463441357 
-1.275945921 -1.237766813 0.7087808654 1.130851128 -0.1222241502 -0.3105297749 -0.8059575556 
-1.257514009 -1.276289382 0.7313540141 1.218061545 -0.2479940482 0.2400715179 0.8231011187 
-1.334024633 -1.257857246 0.7365337642 1.109216067 0.1131676496 -0.8383041179 -1.073225237 
-1.172430611 -1.334368801 0.7549676503 1.197462499 -0.4888901579 -0.01655917333 0.8331218475 
-1.609726872 -1.172772811 0.7620866537 1.132031408 1.020999603 -0.7180720993 -0.6533049601 
-1.384759968 -1.610074398 0.7675833088 1.432184027 -2.77673524 -0.8186562851 2.882758192 
-1.373403387 -1.385104755 0.7878430962 1.316829441 1.422865201 0.09664512542 -1.136183774 
-1.331645322 -1.373748035 0.8245030471 1.394114993 0.06830095307 1.113441043 0.7271040941 
-1.434200462 -1.331989461 0.8589771617 1.475816259 0.2610854754 0.9779210876 0.7698145432 
-1.076178071 -1.434545851 0.8901227669 1.36511316 -0.6540459047 0.7715563858 -1.091192849 
-1.403580976 -1.076519099 0.9104051304 1.21772401 2.266608165 0.0980448196 -1.446034132 
-1.428982992 -1.403925992 0.9266952197 1.295083483 -2.07986999 -0.1494727147 0.7278190885 
-1.484436598 -1.429328317 0.9436780883 1.378121879 -0.1647958415 -0.1065210065 0.7827477696 
-1.460021856 -1.484782598 0.9391233808 1.285791773 -0.3553615805 -1.441832052 -0.9134823495 
-1.494917178 -1.460367558 0.9374458276 1.387349481 0.1511064972 -1.263450984 0.9618735123 
-1.381279485 -1.495263306 0.9599483443 1.475546237 -0.2249956146 0.2356924002 0.8326413699 
-1.453780553 -1.381624229 0.9840608633 1.552136594 0.7168947837 0.335511137 0.7203799065 
-1.471524216 -1.45412618 1.01791184 1.42970448 -0.4634644244 0.9392870698 -1.204640293 
-1.386081095 -1.471870059 1.05083892 1.502655916 -0.1162320286 0.882006317 0.6851828897 
-1.395063733 -1.386425897 1.058985323 1.326999099 0.5381049292 -0.6543742479 -1.719449633 
-1.786903768 -1.395408645 1.077239872 1.394608565 -0.06067586362 -0.02767792793 0.6335133556 
-1.439257297 -1.787253452 1.07952219 1.692429857 -2.488484285 -1.017942366 2.860208711 
-1.120826606 -1.439602747 1.102188277 1.591878759 2.20081148 0.2458335708 -0.9929988678 
-1.272358225 -1.121168178 1.16292259 1.39385872 2.015545845 2.606030654 -1.935755131 
-1.268308387 -1.272701643 1.199375118 1.421227398 -0.9646197831 1.100580995 0.2442893143 
-1.17934382 -1.268651755 1.240228133 1.449683686 0.02196680548 1.373407366 0.2548090883 
-1.249204426 -1.179686105 1.256465779 1.243068058 0.5604354247 -0.1527241235 -2.0188949 
-0.9478537942 -1.249547562 1.27884613 1.344848993 -0.4467204999 0.2281182313 0.9640326514 
-1.558156879 -0.9481932601 1.294576134 1.138112953 1.907236303 -0.18419751 -2.020059569 
-1.127718254 -1.558503777 1.293264838 1.421538443 -3.873821067 -1.24074338 2.720967101 
-1.237803795 -1.12805991 1.300036352 1.228579037 2.725820246 -0.7396161275 -1.886806784 
-0.844029736 -1.238146792 1.325726616 1.338355957 -0.7017983323 0.4333299492 1.041372832 
-1.089294353 -0.8443679375 1.345739144 1.120810777 2.493319728 0.08131524804 -2.124609643 
-1.08406295 -1.089635541 1.352137352 1.14145961 -1.559007572 -0.7627607515 0.1792924432 
-0.8380423735 -1.084404074 1.352719496 1.186470929 0.0294594461 -1.123351753 0.4149355778 
-1.087877255 -0.8383805021 1.352868892 0.9796758391 1.556372568 -1.150181708 -2.020630724 
-0.7883188678 -1.088218427 1.348658475 1.083532497 -1.587988933 -1.420486317 0.984109826 
-0.9551801469 -0.7886563909 1.341718234 0.8860496542 1.895871167 -1.589733067 -1.930559169 
-0.9360915572 -0.955519702 1.330669858 0.9250668531 -1.06182955 -1.844433899 0.3569581896 
-0.9023321564 -0.9364308799 1.312752148 0.9843454518 0.1173318356 -2.270326603 0.5529340688 
-0.8360356666 -0.9026710679 1.319370235 1.093955203 0.2103636517 -0.7491284681 1.039755903 
-0.790222406 -0.8363737708 1.319918224 0.8818599863 0.4166906527 -1.125469278 -2.07189554 
-0.9458570803 -0.7905599522 1.337853876 0.9074986331 0.2868006296 -0.04744926022 0.2275558008 
-0.7051751352 -0.9461965218 1.330759571 0.9414518755 -0.9906384323 -1.599284914 0.3079776972 
-0.4672878097 -0.7055116458 1.328365569 0.7307672472 1.522518779 -1.307870192 -2.058251801 
-0.6175863269 -0.4676214233 1.334255904 0.5895372719 1.504797296 -0.7942484631 -1.386460274 
-0.5855274929 -0.6179217708 1.321992414 0.6220203719 -0.9568003317 -1.919769876 0.2937579277 
-0.2603914047 -0.5858625464 1.321393626 0.6555771674 0.1995798702 -1.196568516 0.3041431131 
-0.4938897828 -0.2607224988 1.318583598 0.4453369323 2.058066693 -1.333663434 -2.053953462 
-0.4568271206 -0.4942237203 1.312451318 0.544437732 -1.484394483 -1.539640191 0.9381093743 
-0.6013143494 -0.4571606068 1.303718055 0.5840706173 0.231310578 -1.700898869 0.3629133402 
-0.2728071815 -0.6016495952 1.292801779 0.6097892299 -0.9199492872 -1.836243765 0.2283292606 
0.03017793334 -0.2731384267 1.316127214 0.6348000796 2.079443675 0.286712593 0.2214835117 
-0.2910258961 0.02985037783 1.348984464 0.3829114204 1.917601026 0.8776769292 -2.456792686 
-0.162434298 -0.2913573632 1.364601033 0.4565892187 -2.040559874 -0.1912304322 0.6922085429 
-0.1395891673 -0.1627641992 1.349760993 0.2076228268 0.8117217798 -2.079513739 -2.428527417 
0.09647525577 -0.1399187902 1.340415677 0.2231307084 0.1411531386 -1.738845623 0.1295672293 
-0.06615702403 0.09614850762 1.305557235 0.01219864857 1.493237749 -3.320637325 -2.060645052 
