  0.00 1.8721 1.8721 1.8721 1.8721 
  0.10 1.8721 1.8721 1.8721 1.8803 
  0.20 1.8803 1.8721 1.8721 1.8787 
  0.30 1.8787 1.8803 1.8721 1.8771 
  0.40 1.8771 1.8787 1.8803 1.8752 
  0.50 1.8752 1.8771 1.8787 1.8821 
  0.60 1.8821 1.8752 1.8771 1.8804 
  0.70 1.8804 1.8821 1.8752 1.8946 
  0.80 1.8946 1.8804 1.8821 1.8662 
  0.90 1.8662 1.8946 1.8804 1.8690 
  1.00 1.8690 1.8662 1.8946 1.8739 
  1.10 1.8739 1.8690 1.8662 1.8749 
  1.20 1.8749 1.8739 1.8690 1.8788 
  1.30 1.8788 1.8749 1.8739 1.8851 
  1.40 1.8851 1.8788 1.8749 1.8760 
  1.50 1.8760 1.8851 1.8788 1.8849 
  1.60 1.8849 1.8760 1.8851 1.8813 
  1.70 1.8813 1.8849 1.8760 1.8650 
  1.80 1.8650 1.8813 1.8849 1.8783 
  1.90 1.8783 1.8650 1.8813 1.8765 
  2.00 1.8765 1.8783 1.8650 1.8888 
  2.10 1.8888 1.8765 1.8783 1.8835 
  2.20 1.8835 1.8888 1.8765 1.8709 
  2.30 1.8709 1.8835 1.8888 1.8560 
  2.40 1.8560 1.8709 1.8835 1.8788 
  2.50 1.8788 1.8560 1.8709 1.8665 
  2.60 1.8665 1.8788 1.8560 1.8794 
  2.70 1.8794 1.8665 1.8788 1.8751 
  2.80 1.8751 1.8794 1.8665 1.8681 
  2.90 1.8681 1.8751 1.8794 1.8844 
  3.00 1.8844 1.8681 1.8751 1.8911 
  3.10 1.8911 1.8844 1.8681 1.8651 
  3.20 1.8651 1.8911 1.8844 1.8816 
  3.30 1.8816 1.8651 1.8911 1.8932 
  3.40 1.8932 1.8816 1.8651 1.8874 
  3.50 1.8874 1.8932 1.8816 1.8642 
  3.60 1.8642 1.8874 1.8932 1.8750 
  3.70 1.8750 1.8642 1.8874 1.8742 
  3.80 1.8742 1.8750 1.8642 1.8873 
  3.90 1.8873 1.8742 1.8750 1.8669 
  4.00 1.8669 1.8873 1.8742 1.8796 
  4.10 1.8796 1.8669 1.8873 1.8741 
  4.20 1.8741 1.8796 1.8669 1.8699 
  4.30 1.8699 1.8741 1.8796 1.8758 
  4.40 1.8758 1.8699 1.8741 1.8773 
  4.50 1.8773 1.8758 1.8699 1.8805 
  4.60 1.8805 1.8773 1.8758 1.8626 
  4.70 1.8626 1.8805 1.8773 1.8783 
  4.80 1.8783 1.8626 1.8805 1.8751 
  4.90 1.8751 1.8783 1.8626 1.8663 
  5.00 1.8663 1.8751 1.8783 1.8617 
  5.10 1.8617 1.8663 1.8751 1.8784 
  5.20 1.8784 1.8617 1.8663 1.8826 
  5.30 1.8826 1.8784 1.8617 1.8612 
  5.40 1.8612 1.8826 1.8784 1.8737 
  5.50 1.8737 1.8612 1.8826 1.8898 
  5.60 1.8898 1.8737 1.8612 1.8742 
  5.70 1.8742 1.8898 1.8737 1.8713 
  5.80 1.8713 1.8742 1.8898 1.8720 
  5.90 1.8720 1.8713 1.8742 1.8603 
  6.00 1.8603 1.8720 1.8713 1.8696 
  6.10 1.8696 1.8603 1.8720 1.8769 
  6.20 1.8769 1.8696 1.8603 1.8756 
  6.30 1.8756 1.8769 1.8696 1.8755 
  6.40 1.8755 1.8756 1.8769 1.8690 
  6.50 1.8690 1.8755 1.8756 1.8827 
  6.60 1.8827 1.8690 1.8755 1.8902 
  6.70 1.8902 1.8827 1.8690 1.8744 
  6.80 1.8744 1.8902 1.8827 1.8786 
  6.90 1.8786 1.8744 1.8902 1.8830 
  7.00 1.8830 1.8786 1.8744 1.7840 
  7.10 1.7840 1.8830 1.8786 1.7789 
  7.20 1.7789 1.7840 1.8830 1.7816 
  7.30 1.7816 1.7789 1.7840 1.7823 
  7.40 1.7823 1.7816 1.7789 1.7833 
  7.50 1.7833 1.7823 1.7816 1.7637 
  7.60 1.7637 1.7833 1.7823 1.7805 
  7.70 1.7805 1.7637 1.7833 1.7908 
  7.80 1.7908 1.7805 1.7637 1.7865 
  7.90 1.7865 1.7908 1.7805 1.7909 
  8.00 1.7909 1.7865 1.7908 1.7990 
  8.10 1.7990 1.7909 1.7865 1.8031 
  8.20 1.8031 1.7990 1.7909 1.7822 
  8.30 1.7822 1.8031 1.7990 1.7829 
  8.40 1.7829 1.7822 1.8031 1.7883 
  8.50 1.7883 1.7829 1.7822 1.7932 
  8.60 1.7932 1.7883 1.7829 1.7746 
  8.70 1.7746 1.7932 1.7883 1.7769 
  8.80 1.7769 1.7746 1.7932 1.7760 
  8.90 1.7760 1.7769 1.7746 1.7829 
  9.00 1.7829 1.7760 1.7769 1.7864 
  9.10 1.7864 1.7829 1.7760 1.7926 
  9.20 1.7926 1.7864 1.7829 1.7770 
  9.30 1.7770 1.7926 1.7864 1.8073 
  9.40 1.8073 1.7770 1.7926 1.7953 
  9.50 1.7953 1.8073 1.7770 1.7958 
  9.60 1.7958 1.7953 1.8073 1.7844 
  9.70 1.7844 1.7958 1.7953 1.7801 
  9.80 1.7801 1.7844 1.7958 1.8007 
  9.90 1.8007 1.7801 1.7844 1.7968 
 10.00 1.7968 1.8007 1.7801 1.7850 
 10.10 1.7850 1.7968 1.8007 1.7994 
 10.20 1.7994 1.7850 1.7968 1.7940 
 10.30 1.7940 1.7994 1.7850 1.7925 
 10.40 1.7925 1.7940 1.7994 1.7931 
 10.50 1.7931 1.7925 1.7940 1.8064 
 10.60 1.8064 1.7931 1.7925 1.8059 
 10.70 1.8059 1.8064 1.7931 1.7818 
 10.80 1.7818 1.8059 1.8064 1.7715 
 10.90 1.7715 1.7818 1.8059 1.7798 
 11.00 1.7798 1.7715 1.7818 1.7757 
 11.10 1.7757 1.7798 1.7715 1.7876 
 11.20 1.7876 1.7757 1.7798 1.7892 
 11.30 1.7892 1.7876 1.7757 1.7951 
 11.40 1.7951 1.7892 1.7876 1.8044 
 11.50 1.8044 1.7951 1.7892 1.7788 
 11.60 1.7788 1.8044 1.7951 1.8079 
 11.70 1.8079 1.7788 1.8044 1.7841 
 11.80 1.7841 1.8079 1.7788 1.7884 
 11.90 1.7884 1.7841 1.8079 1.7793 
 12.00 1.7793 1.7884 1.7841 1.7804 
 12.10 1.7804 1.7793 1.7884 1.7699 
 12.20 1.7699 1.7804 1.7793 1.7805 
 12.30 1.7805 1.7699 1.7804 1.7828 
 12.40 1.7828 1.7805 1.7699 1.7889 
 12.50 1.7889 1.7828 1.7805 1.7863 
 12.60 1.7863 1.7889 1.7828 1.7810 
 12.70 1.7810 1.7863 1.7889 1.8140 
 12.80 1.8140 1.7810 1.7863 1.7815 
 12.90 1.7815 1.8140 1.7810 1.7782 
 13.00 1.7782 1.7815 1.8140 1.7734 
 13.10 1.7734 1.7782 1.7815 1.7826 
 13.20 1.7826 1.7734 1.7782 1.7826 
 13.30 1.7826 1.7826 1.7734 1.7908 
 13.40 1.7908 1.7826 1.7826 1.7897 
 13.50 1.7897 1.7908 1.7826 1.8075 
 13.60 1.8075 1.7897 1.7908 1.8016 
 13.70 1.8016 1.8075 1.7897 1.8062 
 13.80 1.8062 1.8016 1.8075 1.7895 
 13.90 1.7895 1.8062 1.8016 1.7965 
 14.00 1.7965 1.7895 1.8062 1.6827 
 14.10 1.6827 1.7965 1.7895 1.6645 
 14.20 1.6645 1.6827 1.7965 1.6807 
 14.30 1.6807 1.6645 1.6827 1.6892 
 14.40 1.6892 1.6807 1.6645 1.6867 
 14.50 1.6867 1.6892 1.6807 1.6819 
 14.60 1.6819 1.6867 1.6892 1.6802 
 14.70 1.6802 1.6819 1.6867 1.7055 
 14.80 1.7055 1.6802 1.6819 1.6660 
 14.90 1.6660 1.7055 1.6802 1.6805 
 15.00 1.6805 1.6660 1.7055 1.6600 
 15.10 1.6600 1.6805 1.6660 1.6791 
 15.20 1.6791 1.6600 1.6805 1.6833 
 15.30 1.6833 1.6791 1.6600 1.6789 
 15.40 1.6789 1.6833 1.6791 1.6750 
 15.50 1.6750 1.6789 1.6833 1.6713 
 15.60 1.6713 1.6750 1.6789 1.6850 
 15.70 1.6850 1.6713 1.6750 1.6740 
 15.80 1.6740 1.6850 1.6713 1.6707 
 15.90 1.6707 1.6740 1.6850 1.6537 
 16.00 1.6537 1.6707 1.6740 1.6777 
 16.10 1.6777 1.6537 1.6707 1.6771 
 16.20 1.6771 1.6777 1.6537 1.6752 
 16.30 1.6752 1.6771 1.6777 1.6813 
 16.40 1.6813 1.6752 1.6771 1.6812 
 16.50 1.6812 1.6813 1.6752 1.6751 
 16.60 1.6751 1.6812 1.6813 1.6599 
 16.70 1.6599 1.6751 1.6812 1.6704 
 16.80 1.6704 1.6599 1.6751 1.6863 
 16.90 1.6863 1.6704 1.6599 1.6847 
 17.00 1.6847 1.6863 1.6704 1.6648 
 17.10 1.6648 1.6847 1.6863 1.6724 
 17.20 1.6724 1.6648 1.6847 1.6785 
 17.30 1.6785 1.6724 1.6648 1.6896 
 17.40 1.6896 1.6785 1.6724 1.6713 
 17.50 1.6713 1.6896 1.6785 1.6767 
 17.60 1.6767 1.6713 1.6896 1.6710 
 17.70 1.6710 1.6767 1.6713 1.6718 
 17.80 1.6718 1.6710 1.6767 1.6717 
 17.90 1.6717 1.6718 1.6710 1.6948 
 18.00 1.6948 1.6717 1.6718 1.6664 
 18.10 1.6664 1.6948 1.6717 1.6603 
 18.20 1.6603 1.6664 1.6948 1.6770 
 18.30 1.6770 1.6603 1.6664 1.6677 
 18.40 1.6677 1.6770 1.6603 1.6881 
 18.50 1.6881 1.6677 1.6770 1.6696 
 18.60 1.6696 1.6881 1.6677 1.6720 
 18.70 1.6720 1.6696 1.6881 1.6702 
 18.80 1.6702 1.6720 1.6696 1.6753 
 18.90 1.6753 1.6702 1.6720 1.6698 
 19.00 1.6698 1.6753 1.6702 1.6870 
 19.10 1.6870 1.6698 1.6753 1.6821 
 19.20 1.6821 1.6870 1.6698 1.6863 
 19.30 1.6863 1.6821 1.6870 1.6785 
 19.40 1.6785 1.6863 1.6821 1.6783 
 19.50 1.6783 1.6785 1.6863 1.6824 
 19.60 1.6824 1.6783 1.6785 1.6706 
 19.70 1.6706 1.6824 1.6783 1.6690 
 19.80 1.6690 1.6706 1.6824 1.6648 
 19.90 1.6648 1.6690 1.6706 1.6794 
 20.00 1.6794 1.6648 1.6690 1.6857 
 20.10 1.6857 1.6794 1.6648 1.6648 
 20.20 1.6648 1.6857 1.6794 1.6691 
 20.30 1.6691 1.6648 1.6857 1.6714 
 20.40 1.6714 1.6691 1.6648 1.6896 
 20.50 1.6896 1.6714 1.6691 1.6624 
 20.60 1.6624 1.6896 1.6714 1.6772 
 20.70 1.6772 1.6624 1.6896 1.6833 
 20.80 1.6833 1.6772 1.6624 1.6637 
 20.90 1.6637 1.6833 1.6772 1.6709 
 21.00 1.6709 1.6637 1.6833 1.5514 
 21.10 1.5514 1.6709 1.6637 1.5603 
 21.20 1.5603 1.5514 1.6709 1.5802 
 21.30 1.5802 1.5603 1.5514 1.5647 
 21.40 1.5647 1.5802 1.5603 1.5526 
 21.50 1.5526 1.5647 1.5802 1.5515 
 21.60 1.5515 1.5526 1.5647 1.5710 
 21.70 1.5710 1.5515 1.5526 1.5909 
 21.80 1.5909 1.5710 1.5515 1.5619 
 21.90 1.5619 1.5909 1.5710 1.5448 
 22.00 1.5448 1.5619 1.5909 1.5579 
 22.10 1.5579 1.5448 1.5619 1.5545 
 22.20 1.5545 1.5579 1.5448 1.5411 
 22.30 1.5411 1.5545 1.5579 1.5554 
 22.40 1.5554 1.5411 1.5545 1.5410 
 22.50 1.5410 1.5554 1.5411 1.5541 
 22.60 1.5541 1.5410 1.5554 1.5413 
 22.70 1.5413 1.5541 1.5410 1.5413 
 22.80 1.5413 1.5413 1.5541 1.5725 
 22.90 1.5725 1.5413 1.5413 1.5592 
 23.00 1.5592 1.5725 1.5413 1.5684 
 23.10 1.5684 1.5592 1.5725 1.5555 
 23.20 1.5555 1.5684 1.5592 1.5600 
 23.30 1.5600 1.5555 1.5684 1.5661 
 23.40 1.5661 1.5600 1.5555 1.5696 
 23.50 1.5696 1.5661 1.5600 1.5615 
 23.60 1.5615 1.5696 1.5661 1.5503 
 23.70 1.5503 1.5615 1.5696 1.5527 
 23.80 1.5527 1.5503 1.5615 1.5764 
 23.90 1.5764 1.5527 1.5503 1.5476 
 24.00 1.5476 1.5764 1.5527 1.5552 
 24.10 1.5552 1.5476 1.5764 1.5499 
 24.20 1.5499 1.5552 1.5476 1.5660 
 24.30 1.5660 1.5499 1.5552 1.5732 
 24.40 1.5732 1.5660 1.5499 1.5627 
 24.50 1.5627 1.5732 1.5660 1.5537 
 24.60 1.5537 1.5627 1.5732 1.5551 
 24.70 1.5551 1.5537 1.5627 1.5666 
 24.80 1.5666 1.5551 1.5537 1.5505 
 24.90 1.5505 1.5666 1.5551 1.5664 
 25.00 1.5664 1.5505 1.5666 1.5447 
 25.10 1.5447 1.5664 1.5505 1.5553 
 25.20 1.5553 1.5447 1.5664 1.5747 
 25.30 1.5747 1.5553 1.5447 1.5569 
 25.40 1.5569 1.5747 1.5553 1.5766 
 25.50 1.5766 1.5569 1.5747 1.5708 
 25.60 1.5708 1.5766 1.5569 1.5480 
 25.70 1.5480 1.5708 1.5766 1.5415 
 25.80 1.5415 1.5480 1.5708 1.5569 
 25.90 1.5569 1.5415 1.5480 1.5642 
 26.00 1.5642 1.5569 1.5415 1.5819 
 26.10 1.5819 1.5642 1.5569 1.5551 
 26.20 1.5551 1.5819 1.5642 1.5572 
 26.30 1.5572 1.5551 1.5819 1.5433 
 26.40 1.5433 1.5572 1.5551 1.5742 
 26.50 1.5742 1.5433 1.5572 1.5605 
 26.60 1.5605 1.5742 1.5433 1.5607 
 26.70 1.5607 1.5605 1.5742 1.5523 
 26.80 1.5523 1.5607 1.5605 1.5432 
 26.90 1.5432 1.5523 1.5607 1.5715 
 27.00 1.5715 1.5432 1.5523 1.5604 
 27.10 1.5604 1.5715 1.5432 1.5770 
 27.20 1.5770 1.5604 1.5715 1.5459 
 27.30 1.5459 1.5770 1.5604 1.5656 
 27.40 1.5656 1.5459 1.5770 1.5812 
 27.50 1.5812 1.5656 1.5459 1.5551 
 27.60 1.5551 1.5812 1.5656 1.5586 
 27.70 1.5586 1.5551 1.5812 1.5718 
 27.80 1.5718 1.5586 1.5551 1.5682 
 27.90 1.5682 1.5718 1.5586 1.5753 
 28.00 1.5753 1.5682 1.5718 1.3988 
 28.10 1.3988 1.5753 1.5682 1.4169 
 28.20 1.4169 1.3988 1.5753 1.4246 
 28.30 1.4246 1.4169 1.3988 1.4395 
 28.40 1.4395 1.4246 1.4169 1.4232 
 28.50 1.4232 1.4395 1.4246 1.4201 
 28.60 1.4201 1.4232 1.4395 1.4046 
 28.70 1.4046 1.4201 1.4232 1.4247 
 28.80 1.4247 1.4046 1.4201 1.4096 
 28.90 1.4096 1.4247 1.4046 1.4042 
 29.00 1.4042 1.4096 1.4247 1.4245 
 29.10 1.4245 1.4042 1.4096 1.4018 
 29.20 1.4018 1.4245 1.4042 1.4143 
 29.30 1.4143 1.4018 1.4245 1.4233 
 29.40 1.4233 1.4143 1.4018 1.3974 
 29.50 1.3974 1.4233 1.4143 1.4158 
 29.60 1.4158 1.3974 1.4233 1.3950 
 29.70 1.3950 1.4158 1.3974 1.4064 
 29.80 1.4064 1.3950 1.4158 1.4389 
 29.90 1.4389 1.4064 1.3950 1.4091 
 30.00 1.4091 1.4389 1.4064 1.4178 
 30.10 1.4178 1.4091 1.4389 1.4118 
 30.20 1.4118 1.4178 1.4091 1.4265 
 30.30 1.4265 1.4118 1.4178 1.4201 
 30.40 1.4201 1.4265 1.4118 1.4273 
 30.50 1.4273 1.4201 1.4265 1.4169 
 30.60 1.4169 1.4273 1.4201 1.4273 
 30.70 1.4273 1.4169 1.4273 1.4040 
 30.80 1.4040 1.4273 1.4169 1.4182 
 30.90 1.4182 1.4040 1.4273 1.4278 
 31.00 1.4278 1.4182 1.4040 1.4195 
